mercurio.txt
1 0.000001 1 0.000000166004
0.0508011 -0.4011642 -0.2195576 0.02231875 0.00485553 0.00027924

venus.txt
1 0.000001 1 0.000002447840
0.0655112 -0.6589741 -0.3006194 0.02000833 0.00205477 -0.00034178 

tierra.txt
1 0.000001 1 0.000003003468 
-0.6349052 0.6910548 0.2995998 -0.01343443 -0.01023223 -0.00443607

marte.txt
2 0.000001 1 0.000000322713
-0.8326456 -1.1782356 -0.5179253 0.01227603 -0.00570021 -0.00294625

jupiter.txt
12 0.00001 1 0.000954552310
-5.385202 -0.840171 -0.229015 0.001099944 -0.006518169 -0.002820667

saturno.txt
30 0.001 1 0.000285812679
-3.743403 7.568504 3.287166 -0.005379637 -0.002232371 -0.000690547

urano.txt
84 0.0001 1 0.000043662460
18.38175 -7.25798 -3.43875 0.001544588 0.003135267 0.001351424

neptuno.txt
164 0.001 1 0.000051500678
21.25332 -19.49023 -8.50658 0.002199232 0.002084787 0.000798469

pluton.txt
250 0.01 1 0.000000006284
-4.11218 -29.56880 -7.98970 0.003169840 -0.000584314 -0.001138225
