Xi		Yi		Zi		Vxi		Vyi		Vzi
20.980161,	 -19.764714,	 -8.612115,	 0.813794,	 0.751289,	 0.287212
-3.532659,	 -29.670670,	 -8.196247,	 1.160310,	 -0.193682,	 -0.410337
-2.951961,	 -29.762694,	 -8.400076,	 1.162457,	 -0.174037,	 -0.404853
-2.370288,	 -29.844920,	 -8.601140,	 1.164206,	 -0.154493,	 -0.399279
-1.787836,	 -29.917399,	 -8.799397,	 1.165563,	 -0.135057,	 -0.393622
-1.204801,	 -29.980190,	 -8.994805,	 1.166532,	 -0.115739,	 -0.387884
-0.621375,	 -30.033352,	 -9.187326,	 1.167120,	 -0.096547,	 -0.382070
-0.037748,	 -30.076950,	 -9.376922,	 1.167333,	 -0.077489,	 -0.376186
0.545896,	 -30.111054,	 -9.563560,	 1.167177,	 -0.058574,	 -0.370235
1.129373,	 -30.135738,	 -9.747207,	 1.166659,	 -0.039809,	 -0.364221
1.712503,	 -30.151077,	 -9.927832,	 1.165786,	 -0.021201,	 -0.358150
2.295111,	 -30.157151,	 -10.105408,	 1.164564,	 -0.002757,	 -0.352024
2.877024,	 -30.154045,	 -10.279909,	 1.163001,	 0.015518,	 -0.345848
3.458073,	 -30.141845,	 -10.451311,	 1.161103,	 0.033616,	 -0.339627
4.038093,	 -30.120640,	 -10.619591,	 1.158878,	 0.051532,	 -0.333364
4.616922,	 -30.090523,	 -10.784731,	 1.156333,	 0.069261,	 -0.327062
5.194402,	 -30.051588,	 -10.946711,	 1.153476,	 0.086797,	 -0.320727
5.770378,	 -30.003933,	 -11.105516,	 1.150314,	 0.104137,	 -0.314361
6.344699,	 -29.947657,	 -11.261131,	 1.146854,	 0.121275,	 -0.307968
6.917220,	 -29.882862,	 -11.413544,	 1.143105,	 0.138208,	 -0.301552
7.487796,	 -29.809652,	 -11.562744,	 1.139072,	 0.154932,	 -0.295116
8.056288,	 -29.728132,	 -11.708722,	 1.134765,	 0.171444,	 -0.288663
8.622561,	 -29.638408,	 -11.851470,	 1.130190,	 0.187739,	 -0.282197
9.186482,	 -29.540590,	 -11.990982,	 1.125356,	 0.203817,	 -0.275721
9.747924,	 -29.434788,	 -12.127254,	 1.120268,	 0.219673,	 -0.269237
10.306762,	 -29.321112,	 -12.260283,	 1.114936,	 0.235307,	 -0.262749
10.862875,	 -29.199674,	 -12.390067,	 1.109365,	 0.250715,	 -0.256260
11.416146,	 -29.070588,	 -12.516608,	 1.103565,	 0.265896,	 -0.249772
11.966461,	 -28.933967,	 -12.639905,	 1.097540,	 0.280848,	 -0.243288
12.513711,	 -28.789927,	 -12.759962,	 1.091300,	 0.295571,	 -0.236811
13.057790,	 -28.638581,	 -12.876782,	 1.084851,	 0.310063,	 -0.230343
13.598594,	 -28.480046,	 -12.990371,	 1.078199,	 0.324323,	 -0.223886
14.136024,	 -28.314438,	 -13.100735,	 1.071352,	 0.338351,	 -0.217442
14.669984,	 -28.141874,	 -13.207881,	 1.064317,	 0.352146,	 -0.211015
15.200381,	 -27.962469,	 -13.311817,	 1.057099,	 0.365708,	 -0.204605
15.727127,	 -27.776339,	 -13.412553,	 1.049707,	 0.379036,	 -0.198216
16.250135,	 -27.583603,	 -13.510100,	 1.042146,	 0.392132,	 -0.191848
16.769322,	 -27.384376,	 -13.604469,	 1.034422,	 0.404995,	 -0.185504
17.284609,	 -27.178774,	 -13.695672,	 1.026542,	 0.417626,	 -0.179185
17.795918,	 -26.966913,	 -13.783722,	 1.018512,	 0.430026,	 -0.172893
18.303178,	 -26.748910,	 -13.868633,	 1.010338,	 0.442194,	 -0.166630
18.806316,	 -26.524878,	 -13.950419,	 1.002025,	 0.454132,	 -0.160397
19.305265,	 -26.294934,	 -14.029097,	 0.993580,	 0.465840,	 -0.154196
19.799960,	 -26.059192,	 -14.104683,	 0.985008,	 0.477321,	 -0.148028
20.290339,	 -25.817765,	 -14.177192,	 0.976315,	 0.488574,	 -0.141894
20.776343,	 -25.570767,	 -14.246643,	 0.967505,	 0.499602,	 -0.135795
21.257914,	 -25.318309,	 -14.313054,	 0.958584,	 0.510406,	 -0.129733
21.734999,	 -25.060505,	 -14.376443,	 0.949558,	 0.520987,	 -0.123708
22.207546,	 -24.797464,	 -14.436829,	 0.940431,	 0.531346,	 -0.117722
22.675506,	 -24.529298,	 -14.494231,	 0.931208,	 0.541486,	 -0.111776
23.138832,	 -24.256115,	 -14.548671,	 0.921894,	 0.551407,	 -0.105871
23.597479,	 -23.978025,	 -14.600168,	 0.912493,	 0.561113,	 -0.100006
24.051405,	 -23.695134,	 -14.648743,	 0.903010,	 0.570604,	 -0.094184
24.500571,	 -23.407550,	 -14.694417,	 0.893449,	 0.579883,	 -0.088405
24.944938,	 -23.115379,	 -14.737212,	 0.883814,	 0.588950,	 -0.082669
25.384470,	 -22.818724,	 -14.777151,	 0.874111,	 0.597810,	 -0.076978
25.819135,	 -22.517691,	 -14.814254,	 0.864341,	 0.606462,	 -0.071331
26.248900,	 -22.212381,	 -14.848546,	 0.854511,	 0.614910,	 -0.065730
26.673735,	 -21.902898,	 -14.880048,	 0.844622,	 0.623156,	 -0.060174
27.093612,	 -21.589340,	 -14.908783,	 0.834680,	 0.631201,	 -0.054665
27.508506,	 -21.271809,	 -14.934775,	 0.824687,	 0.639048,	 -0.049202
27.918391,	 -20.950402,	 -14.958047,	 0.814646,	 0.646699,	 -0.043787
28.323245,	 -20.625218,	 -14.978624,	 0.804563,	 0.654155,	 -0.038418
28.723048,	 -20.296352,	 -14.996527,	 0.794438,	 0.661420,	 -0.033098
29.117779,	 -19.963901,	 -15.011782,	 0.784276,	 0.668496,	 -0.027825
29.507420,	 -19.627958,	 -15.024413,	 0.774081,	 0.675384,	 -0.022600
29.891956,	 -19.288616,	 -15.034443,	 0.763853,	 0.682087,	 -0.017424
30.271371,	 -18.945967,	 -15.041897,	 0.753597,	 0.688607,	 -0.012297
30.645652,	 -18.600104,	 -15.046799,	 0.743316,	 0.694946,	 -0.007218
31.014786,	 -18.251114,	 -15.049173,	 0.733011,	 0.701106,	 -0.002187
31.378763,	 -17.899087,	 -15.049044,	 0.722686,	 0.707091,	 0.002794
31.737572,	 -17.544111,	 -15.046437,	 0.712343,	 0.712901,	 0.007727
32.091206,	 -17.186272,	 -15.041375,	 0.701984,	 0.718539,	 0.012610
32.439658,	 -16.825656,	 -15.033883,	 0.691612,	 0.724008,	 0.017445
32.782920,	 -16.462347,	 -15.023986,	 0.681229,	 0.729309,	 0.022230
33.120989,	 -16.096427,	 -15.011709,	 0.670837,	 0.734445,	 0.026967
33.453860,	 -15.727980,	 -14.997075,	 0.660439,	 0.739417,	 0.031655
33.781531,	 -15.357086,	 -14.980109,	 0.650035,	 0.744229,	 0.036294
34.103999,	 -14.983825,	 -14.960835,	 0.639629,	 0.748881,	 0.040884
34.421264,	 -14.608276,	 -14.939279,	 0.629222,	 0.753377,	 0.045425
34.733325,	 -14.230518,	 -14.915463,	 0.618816,	 0.757718,	 0.049918
35.040184,	 -13.850626,	 -14.889413,	 0.608413,	 0.761907,	 0.054363
35.341843,	 -13.468677,	 -14.861153,	 0.598014,	 0.765945,	 0.058759
35.638303,	 -13.084745,	 -14.830706,	 0.587620,	 0.769835,	 0.063107
35.929568,	 -12.698905,	 -14.798097,	 0.577235,	 0.773578,	 0.067407
36.215643,	 -12.311228,	 -14.763350,	 0.566858,	 0.777176,	 0.071659
36.496532,	 -11.921788,	 -14.726488,	 0.556492,	 0.780633,	 0.075864
36.772241,	 -11.530653,	 -14.687536,	 0.546138,	 0.783948,	 0.080021
37.042776,	 -11.137895,	 -14.646516,	 0.535797,	 0.787125,	 0.084131
37.308144,	 -10.743582,	 -14.603454,	 0.525471,	 0.790166,	 0.088194
37.568353,	 -10.347781,	 -14.558371,	 0.515160,	 0.793072,	 0.092210
37.823410,	 -9.950561,	 -14.511291,	 0.504867,	 0.795844,	 0.096179
38.073325,	 -9.551986,	 -14.462239,	 0.494591,	 0.798486,	 0.100102
38.318107,	 -9.152122,	 -14.411236,	 0.484334,	 0.800999,	 0.103980
38.557766,	 -8.751033,	 -14.358305,	 0.474098,	 0.803384,	 0.107811
38.792311,	 -8.348782,	 -14.303471,	 0.463883,	 0.805643,	 0.111596
39.021755,	 -7.945432,	 -14.246754,	 0.453690,	 0.807779,	 0.115336
39.246107,	 -7.541044,	 -14.188179,	 0.443521,	 0.809792,	 0.119031
39.465381,	 -7.135679,	 -14.127767,	 0.433375,	 0.811685,	 0.122682
39.679588,	 -6.729397,	 -14.065541,	 0.423255,	 0.813460,	 0.126287
39.888741,	 -6.322256,	 -14.001523,	 0.413160,	 0.815117,	 0.129848
40.092853,	 -5.914315,	 -13.935736,	 0.403091,	 0.816658,	 0.133366
40.291937,	 -5.505632,	 -13.868200,	 0.393050,	 0.818086,	 0.136839
40.486008,	 -5.096262,	 -13.798938,	 0.383037,	 0.819401,	 0.140269
40.675079,	 -4.686261,	 -13.727972,	 0.373052,	 0.820606,	 0.143656
40.859165,	 -4.275686,	 -13.655323,	 0.363097,	 0.821701,	 0.147000
41.038280,	 -3.864588,	 -13.581013,	 0.353172,	 0.822689,	 0.150301
41.212441,	 -3.453024,	 -13.505062,	 0.343277,	 0.823570,	 0.153560
41.381662,	 -3.041044,	 -13.427493,	 0.333414,	 0.824347,	 0.156776
41.545958,	 -2.628701,	 -13.348325,	 0.323582,	 0.825020,	 0.159951
41.705347,	 -2.216047,	 -13.267580,	 0.313782,	 0.825592,	 0.163084
41.859844,	 -1.803132,	 -13.185278,	 0.304015,	 0.826062,	 0.166177
42.009465,	 -1.390005,	 -13.101441,	 0.294281,	 0.826434,	 0.169228
42.154227,	 -0.976717,	 -13.016088,	 0.284581,	 0.826708,	 0.172238
42.294148,	 -0.563316,	 -12.929239,	 0.274915,	 0.826885,	 0.175208
42.429245,	 -0.149849,	 -12.840916,	 0.265283,	 0.826967,	 0.178138
42.559534,	 0.263635,	 -12.751137,	 0.255686,	 0.826955,	 0.181028
42.685033,	 0.677091,	 -12.659923,	 0.246125,	 0.826851,	 0.183879
42.805760,	 1.090472,	 -12.567293,	 0.236599,	 0.826655,	 0.186690
42.921733,	 1.503733,	 -12.473267,	 0.227109,	 0.826368,	 0.189462
43.032970,	 1.916829,	 -12.377864,	 0.217655,	 0.825993,	 0.192196
43.139488,	 2.329716,	 -12.281105,	 0.208238,	 0.825530,	 0.194891
43.241308,	 2.742350,	 -12.183006,	 0.198857,	 0.824980,	 0.197548
43.338446,	 3.154688,	 -12.083589,	 0.189514,	 0.824345,	 0.200167
43.430921,	 3.566687,	 -11.982872,	 0.180208,	 0.823625,	 0.202748
43.518753,	 3.978306,	 -11.880873,	 0.170940,	 0.822821,	 0.205293
43.601960,	 4.389503,	 -11.777611,	 0.161709,	 0.821936,	 0.207799
43.680561,	 4.800238,	 -11.673104,	 0.152517,	 0.820969,	 0.210270
43.754575,	 5.210469,	 -11.567372,	 0.143362,	 0.819922,	 0.212703
43.824021,	 5.620157,	 -11.460431,	 0.134247,	 0.818795,	 0.215100
43.888919,	 6.029263,	 -11.352301,	 0.125169,	 0.817590,	 0.217461
43.949287,	 6.437747,	 -11.242999,	 0.116131,	 0.816308,	 0.219787
44.005146,	 6.845572,	 -11.132544,	 0.107131,	 0.814950,	 0.222076
44.056515,	 7.252699,	 -11.020951,	 0.098171,	 0.813516,	 0.224331
44.103413,	 7.659090,	 -10.908241,	 0.089249,	 0.812008,	 0.226550
44.145860,	 8.064710,	 -10.794429,	 0.080368,	 0.810427,	 0.228735
44.183876,	 8.469521,	 -10.679534,	 0.071525,	 0.808772,	 0.230885
44.217480,	 8.873487,	 -10.563571,	 0.062722,	 0.807046,	 0.233000
44.246692,	 9.276573,	 -10.446560,	 0.053959,	 0.805249,	 0.235082
44.271533,	 9.678743,	 -10.328516,	 0.045236,	 0.803382,	 0.237130
44.292021,	 10.079962,	 -10.209456,	 0.036552,	 0.801445,	 0.239143
44.308178,	 10.480196,	 -10.089398,	 0.027908,	 0.799440,	 0.241124
44.320023,	 10.879411,	 -9.968357,	 0.019305,	 0.797368,	 0.243071
44.327575,	 11.277574,	 -9.846351,	 0.010741,	 0.795228,	 0.244986
44.330856,	 11.674650,	 -9.723396,	 0.002218,	 0.793022,	 0.246867
44.329885,	 12.070607,	 -9.599508,	 -0.006265,	 0.790751,	 0.248717
44.324682,	 12.465413,	 -9.474703,	 -0.014708,	 0.788415,	 0.250533
44.315267,	 12.859035,	 -9.348998,	 -0.023111,	 0.786015,	 0.252318
44.301661,	 13.251442,	 -9.222408,	 -0.031473,	 0.783552,	 0.254071
44.283884,	 13.642602,	 -9.094950,	 -0.039795,	 0.781026,	 0.255792
44.261956,	 14.032484,	 -8.966639,	 -0.048077,	 0.778439,	 0.257481
44.235897,	 14.421057,	 -8.837491,	 -0.056318,	 0.775790,	 0.259139
44.205727,	 14.808290,	 -8.707521,	 -0.064518,	 0.773080,	 0.260766
44.171467,	 15.194154,	 -8.576746,	 -0.072679,	 0.770311,	 0.262363
44.133136,	 15.578619,	 -8.445179,	 -0.080798,	 0.767482,	 0.263928
44.090756,	 15.961655,	 -8.312838,	 -0.088877,	 0.764595,	 0.265463
44.044346,	 16.343233,	 -8.179737,	 -0.096916,	 0.761649,	 0.266967
43.993927,	 16.723324,	 -8.045891,	 -0.104914,	 0.758646,	 0.268442
43.939519,	 17.101900,	 -7.911315,	 -0.112871,	 0.755585,	 0.269886
43.881142,	 17.478931,	 -7.776024,	 -0.120788,	 0.752469,	 0.271300
43.818817,	 17.854391,	 -7.640034,	 -0.128664,	 0.749296,	 0.272685
43.752563,	 18.228250,	 -7.503358,	 -0.136500,	 0.746068,	 0.274040
43.682401,	 18.600482,	 -7.366012,	 -0.144295,	 0.742786,	 0.275366
43.608352,	 18.971060,	 -7.228010,	 -0.152050,	 0.739449,	 0.276663
43.530435,	 19.339956,	 -7.089366,	 -0.159764,	 0.736058,	 0.277931
43.448672,	 19.707143,	 -6.950096,	 -0.167438,	 0.732614,	 0.279169
43.363081,	 20.072595,	 -6.810214,	 -0.175071,	 0.729117,	 0.280380
43.273684,	 20.436286,	 -6.669734,	 -0.182663,	 0.725568,	 0.281561
43.180500,	 20.798190,	 -6.528669,	 -0.190215,	 0.721966,	 0.282714
43.083551,	 21.158280,	 -6.387035,	 -0.197726,	 0.718314,	 0.283839
42.982856,	 21.516532,	 -6.244846,	 -0.205197,	 0.714610,	 0.284936
42.878435,	 21.872919,	 -6.102115,	 -0.212627,	 0.710856,	 0.286004
42.770309,	 22.227417,	 -5.958857,	 -0.220017,	 0.707052,	 0.287045
42.658498,	 22.580001,	 -5.815085,	 -0.227367,	 0.703198,	 0.288058
42.543023,	 22.930646,	 -5.670813,	 -0.234675,	 0.699295,	 0.289044
42.423902,	 23.279327,	 -5.526055,	 -0.241944,	 0.695342,	 0.290002
42.301158,	 23.626020,	 -5.380825,	 -0.249172,	 0.691342,	 0.290933
42.174810,	 23.970701,	 -5.235136,	 -0.256359,	 0.687293,	 0.291836
42.044878,	 24.313345,	 -5.089002,	 -0.263506,	 0.683196,	 0.292712
41.911382,	 24.653930,	 -4.942437,	 -0.270612,	 0.679052,	 0.293562
41.774343,	 24.992431,	 -4.795453,	 -0.277678,	 0.674861,	 0.294384
41.633781,	 25.328825,	 -4.648065,	 -0.284704,	 0.670623,	 0.295180
41.489716,	 25.663089,	 -4.500286,	 -0.291689,	 0.666339,	 0.295949
41.342168,	 25.995199,	 -4.352128,	 -0.298634,	 0.662008,	 0.296691
41.191158,	 26.325133,	 -4.203606,	 -0.305538,	 0.657632,	 0.297407
41.036706,	 26.652868,	 -4.054733,	 -0.312401,	 0.653211,	 0.298097
40.878832,	 26.978380,	 -3.905521,	 -0.319225,	 0.648744,	 0.298760
40.717556,	 27.301649,	 -3.755983,	 -0.326008,	 0.644233,	 0.299397
40.552899,	 27.622651,	 -3.606134,	 -0.332750,	 0.639677,	 0.300008
40.384880,	 27.941364,	 -3.455985,	 -0.339452,	 0.635077,	 0.300593
40.213521,	 28.257767,	 -3.305551,	 -0.346113,	 0.630433,	 0.301152
40.038840,	 28.571837,	 -3.154843,	 -0.352734,	 0.625745,	 0.301685
39.860859,	 28.883552,	 -3.003875,	 -0.359314,	 0.621014,	 0.302193
39.679598,	 29.192891,	 -2.852659,	 -0.365854,	 0.616239,	 0.302675
39.495077,	 29.499832,	 -2.701209,	 -0.372354,	 0.611422,	 0.303131
39.307316,	 29.804354,	 -2.549537,	 -0.378812,	 0.606562,	 0.303561
39.116336,	 30.106436,	 -2.397656,	 -0.385231,	 0.601660,	 0.303967
38.922156,	 30.406056,	 -2.245579,	 -0.391608,	 0.596715,	 0.304346
38.724798,	 30.703194,	 -2.093318,	 -0.397945,	 0.591729,	 0.304701
38.524281,	 30.997828,	 -1.940886,	 -0.404241,	 0.586701,	 0.305030
38.320626,	 31.289938,	 -1.788296,	 -0.410497,	 0.581631,	 0.305333
38.113854,	 31.579503,	 -1.635560,	 -0.416712,	 0.576520,	 0.305612
37.903983,	 31.866503,	 -1.482690,	 -0.422886,	 0.571368,	 0.305866
37.691036,	 32.150916,	 -1.329701,	 -0.429019,	 0.566175,	 0.306094
37.475033,	 32.432723,	 -1.176603,	 -0.435111,	 0.560941,	 0.306297
37.255993,	 32.711902,	 -1.023409,	 -0.441162,	 0.555666,	 0.306476
37.033937,	 32.988435,	 -0.870133,	 -0.447173,	 0.550352,	 0.306629
36.808887,	 33.262301,	 -0.716786,	 -0.453142,	 0.544997,	 0.306758
36.580861,	 33.533479,	 -0.563381,	 -0.459071,	 0.539602,	 0.306861
36.349882,	 33.801950,	 -0.409930,	 -0.464958,	 0.534167,	 0.306940
36.115969,	 34.067694,	 -0.256445,	 -0.470804,	 0.528693,	 0.306994
35.879143,	 34.330691,	 -0.102940,	 -0.476609,	 0.523179,	 0.307023
35.639425,	 34.590921,	 0.050574,	 -0.482372,	 0.517625,	 0.307028
35.396835,	 34.848365,	 0.204084,	 -0.488094,	 0.512033,	 0.307008
35.151395,	 35.103004,	 0.357578,	 -0.493775,	 0.506401,	 0.306963
34.903124,	 35.354817,	 0.511043,	 -0.499413,	 0.500731,	 0.306893
34.652045,	 35.603785,	 0.664467,	 -0.505011,	 0.495021,	 0.306799
34.398176,	 35.849889,	 0.817838,	 -0.510566,	 0.489273,	 0.306680
34.141541,	 36.093109,	 0.971144,	 -0.516080,	 0.483487,	 0.306536
33.882159,	 36.333427,	 1.124372,	 -0.521552,	 0.477662,	 0.306368
33.620051,	 36.570823,	 1.277509,	 -0.526981,	 0.471798,	 0.306175
33.355239,	 36.805278,	 1.430544,	 -0.532369,	 0.465897,	 0.305957
33.087743,	 37.036772,	 1.583464,	 -0.537714,	 0.459957,	 0.305715
32.817585,	 37.265288,	 1.736258,	 -0.543017,	 0.453979,	 0.305448
32.544786,	 37.490805,	 1.888911,	 -0.548277,	 0.447964,	 0.305157
32.269367,	 37.713306,	 2.041413,	 -0.553495,	 0.441911,	 0.304840
31.991350,	 37.932771,	 2.193751,	 -0.558670,	 0.435820,	 0.304500
31.710756,	 38.149181,	 2.345912,	 -0.563802,	 0.429691,	 0.304134
31.427607,	 38.362517,	 2.497885,	 -0.568891,	 0.423525,	 0.303744
31.141923,	 38.572761,	 2.649656,	 -0.573937,	 0.417322,	 0.303329
30.853728,	 38.779895,	 2.801214,	 -0.578939,	 0.411081,	 0.302890
30.563041,	 38.983899,	 2.952546,	 -0.583898,	 0.404803,	 0.302425
30.269886,	 39.184755,	 3.103640,	 -0.588814,	 0.398488,	 0.301936
29.974284,	 39.382444,	 3.254483,	 -0.593685,	 0.392135,	 0.301422
29.676257,	 39.576948,	 3.405064,	 -0.598513,	 0.385746,	 0.300884
29.375827,	 39.768248,	 3.555369,	 -0.603296,	 0.379320,	 0.300320
29.073016,	 39.956326,	 3.705386,	 -0.608035,	 0.372857,	 0.299732
28.767846,	 40.141163,	 3.855102,	 -0.612730,	 0.366356,	 0.299119
28.460340,	 40.322741,	 4.004506,	 -0.617380,	 0.359820,	 0.298480
28.150520,	 40.501042,	 4.153585,	 -0.621985,	 0.353246,	 0.297817
27.838408,	 40.676047,	 4.302326,	 -0.626545,	 0.346636,	 0.297129
27.524028,	 40.847738,	 4.450716,	 -0.631059,	 0.339989,	 0.296415
27.207402,	 41.016096,	 4.598744,	 -0.635528,	 0.333305,	 0.295677
26.888552,	 41.181104,	 4.746396,	 -0.639952,	 0.326585,	 0.294913
26.567502,	 41.342743,	 4.893660,	 -0.644329,	 0.319829,	 0.294124
26.244274,	 41.500995,	 5.040524,	 -0.648660,	 0.313036,	 0.293309
25.918893,	 41.655841,	 5.186973,	 -0.652944,	 0.306207,	 0.292470
25.591380,	 41.807264,	 5.332997,	 -0.657182,	 0.299341,	 0.291604
25.261760,	 41.955246,	 5.478582,	 -0.661373,	 0.292439,	 0.290714
24.930057,	 42.099767,	 5.623716,	 -0.665517,	 0.285501,	 0.289798
24.596293,	 42.240810,	 5.768385,	 -0.669613,	 0.278527,	 0.288856
24.260492,	 42.378358,	 5.912577,	 -0.673661,	 0.271516,	 0.287888
23.922679,	 42.512391,	 6.056279,	 -0.677662,	 0.264469,	 0.286895
23.582878,	 42.642892,	 6.199477,	 -0.681614,	 0.257387,	 0.285876
23.241113,	 42.769842,	 6.342160,	 -0.685517,	 0.250268,	 0.284831
22.897408,	 42.893225,	 6.484314,	 -0.689372,	 0.243112,	 0.283759
22.551788,	 43.013020,	 6.625926,	 -0.693177,	 0.235921,	 0.282662
22.204277,	 43.129212,	 6.766983,	 -0.696932,	 0.228694,	 0.281539
21.854901,	 43.241781,	 6.907472,	 -0.700638,	 0.221431,	 0.280389
21.503684,	 43.350710,	 7.047379,	 -0.704294,	 0.214132,	 0.279213
21.150652,	 43.455980,	 7.186692,	 -0.707899,	 0.206797,	 0.278010
20.795830,	 43.557574,	 7.325397,	 -0.711453,	 0.199426,	 0.276781
20.439243,	 43.655474,	 7.463481,	 -0.714955,	 0.192019,	 0.275525
20.080918,	 43.749661,	 7.600931,	 -0.718406,	 0.184576,	 0.274243
19.720880,	 43.840119,	 7.737733,	 -0.721805,	 0.177098,	 0.272933
19.359155,	 43.926828,	 7.873873,	 -0.725152,	 0.169584,	 0.271597
18.995770,	 44.009772,	 8.009339,	 -0.728446,	 0.162033,	 0.270234
18.630751,	 44.088931,	 8.144116,	 -0.731686,	 0.154448,	 0.268843
18.264125,	 44.164289,	 8.278191,	 -0.734873,	 0.146826,	 0.267425
17.895918,	 44.235828,	 8.411551,	 -0.738006,	 0.139169,	 0.265979
17.526159,	 44.303529,	 8.544180,	 -0.741084,	 0.131476,	 0.264506
17.154874,	 44.367375,	 8.676067,	 -0.744108,	 0.123747,	 0.263006
16.782090,	 44.427347,	 8.807196,	 -0.747076,	 0.115983,	 0.261477
16.407837,	 44.483430,	 8.937555,	 -0.749988,	 0.108183,	 0.259921
16.032140,	 44.535603,	 9.067128,	 -0.752844,	 0.100348,	 0.258336
15.655030,	 44.583850,	 9.195902,	 -0.755643,	 0.092477,	 0.256723
15.276534,	 44.628153,	 9.323863,	 -0.758385,	 0.084571,	 0.255082
14.896681,	 44.668494,	 9.450996,	 -0.761070,	 0.076629,	 0.253413
14.515501,	 44.704856,	 9.577288,	 -0.763695,	 0.068652,	 0.251714
14.133022,	 44.737221,	 9.702723,	 -0.766262,	 0.060640,	 0.249988
13.749274,	 44.765570,	 9.827288,	 -0.768770,	 0.052592,	 0.248232
13.364286,	 44.789887,	 9.950967,	 -0.771218,	 0.044509,	 0.246447
12.978090,	 44.810154,	 10.073748,	 -0.773606,	 0.036391,	 0.244633
12.590715,	 44.826354,	 10.195614,	 -0.775932,	 0.028238,	 0.242789
12.202191,	 44.838468,	 10.316550,	 -0.778197,	 0.020049,	 0.240916
11.812551,	 44.846479,	 10.436544,	 -0.780399,	 0.011826,	 0.239013
11.421824,	 44.850370,	 10.555578,	 -0.782539,	 0.003567,	 0.237081
11.030043,	 44.850124,	 10.673639,	 -0.784616,	 -0.004726,	 0.235118
10.637239,	 44.845722,	 10.790711,	 -0.786628,	 -0.013054,	 0.233126
10.243445,	 44.837147,	 10.906780,	 -0.788576,	 -0.021417,	 0.231103
9.848693,	 44.824383,	 11.021829,	 -0.790458,	 -0.029814,	 0.229049
9.453016,	 44.807412,	 11.135844,	 -0.792275,	 -0.038246,	 0.226965
9.056447,	 44.786216,	 11.248810,	 -0.794025,	 -0.046712,	 0.224850
8.659020,	 44.760778,	 11.360710,	 -0.795707,	 -0.055213,	 0.222704
8.260768,	 44.731082,	 11.471530,	 -0.797322,	 -0.063748,	 0.220526
7.861725,	 44.697110,	 11.581253,	 -0.798867,	 -0.072318,	 0.218318
7.461927,	 44.658845,	 11.689865,	 -0.800343,	 -0.080921,	 0.216077
7.061408,	 44.616269,	 11.797348,	 -0.801749,	 -0.089558,	 0.213805
6.660203,	 44.569367,	 11.903687,	 -0.803084,	 -0.098229,	 0.211501
6.258349,	 44.518121,	 12.008867,	 -0.804347,	 -0.106934,	 0.209165
5.855881,	 44.462515,	 12.112870,	 -0.805538,	 -0.115672,	 0.206796
5.452835,	 44.402531,	 12.215681,	 -0.806654,	 -0.124444,	 0.204395
5.049249,	 44.338153,	 12.317283,	 -0.807697,	 -0.133249,	 0.201961
4.645161,	 44.269365,	 12.417661,	 -0.808665,	 -0.142086,	 0.199494
4.240606,	 44.196150,	 12.516797,	 -0.809557,	 -0.150957,	 0.196994
3.835625,	 44.118492,	 12.614675,	 -0.810372,	 -0.159860,	 0.194461
3.430255,	 44.036374,	 12.711278,	 -0.811109,	 -0.168796,	 0.191894
3.024536,	 43.949780,	 12.806589,	 -0.811768,	 -0.177764,	 0.189293
2.618507,	 43.858694,	 12.900591,	 -0.812347,	 -0.186764,	 0.186658
2.212208,	 43.763100,	 12.993268,	 -0.812846,	 -0.195796,	 0.183990
1.805680,	 43.662983,	 13.084602,	 -0.813263,	 -0.204859,	 0.181286
1.398963,	 43.558327,	 13.174576,	 -0.813598,	 -0.213954,	 0.178549
0.992099,	 43.449115,	 13.263172,	 -0.813849,	 -0.223080,	 0.175776
0.585130,	 43.335333,	 13.350374,	 -0.814017,	 -0.232236,	 0.172968
0.178098,	 43.216965,	 13.436163,	 -0.814098,	 -0.241424,	 0.170125
-0.228954,	 43.093996,	 13.520522,	 -0.814094,	 -0.250641,	 0.167247
-0.635982,	 42.966412,	 13.603432,	 -0.814002,	 -0.259888,	 0.164333
-1.042942,	 42.834196,	 13.684877,	 -0.813821,	 -0.269164,	 0.161382
-1.449790,	 42.697336,	 13.764838,	 -0.813551,	 -0.278470,	 0.158396
-1.856481,	 42.555815,	 13.843298,	 -0.813190,	 -0.287804,	 0.155374
-2.262969,	 42.409620,	 13.920236,	 -0.812736,	 -0.297167,	 0.152314
-2.669207,	 42.258737,	 13.995637,	 -0.812190,	 -0.306558,	 0.149218
-3.075149,	 42.103151,	 14.069480,	 -0.811550,	 -0.315977,	 0.146085
-3.480748,	 41.942850,	 14.141747,	 -0.810814,	 -0.325422,	 0.142915
-3.885955,	 41.777819,	 14.212421,	 -0.809981,	 -0.334894,	 0.139707
-4.290721,	 41.608046,	 14.281481,	 -0.809051,	 -0.344393,	 0.136462
-4.694999,	 41.433517,	 14.348909,	 -0.808021,	 -0.353917,	 0.133179
-5.098737,	 41.254220,	 14.414686,	 -0.806891,	 -0.363466,	 0.129857
-5.501885,	 41.070143,	 14.478793,	 -0.805659,	 -0.373040,	 0.126497
-5.904392,	 40.881272,	 14.541211,	 -0.804324,	 -0.382638,	 0.123099
-6.306206,	 40.687597,	 14.601919,	 -0.802885,	 -0.392259,	 0.119662
-6.707274,	 40.489105,	 14.660900,	 -0.801340,	 -0.401903,	 0.116185
-7.107544,	 40.285786,	 14.718133,	 -0.799688,	 -0.411570,	 0.112670
-7.506961,	 40.077629,	 14.773599,	 -0.797927,	 -0.421258,	 0.109115
-7.905470,	 39.864622,	 14.827277,	 -0.796056,	 -0.430966,	 0.105520
-8.303017,	 39.646757,	 14.879148,	 -0.794074,	 -0.440695,	 0.101886
-8.699546,	 39.424022,	 14.929193,	 -0.791979,	 -0.450443,	 0.098211
-9.094999,	 39.196408,	 14.977390,	 -0.789769,	 -0.460209,	 0.094496
-9.489318,	 38.963907,	 15.023720,	 -0.787444,	 -0.469994,	 0.090741
-9.882447,	 38.726510,	 15.068162,	 -0.785001,	 -0.479795,	 0.086945
-10.274325,	 38.484208,	 15.110697,	 -0.782439,	 -0.489612,	 0.083109
-10.664892,	 38.236994,	 15.151302,	 -0.779757,	 -0.499444,	 0.079231
-11.054089,	 37.984860,	 15.189959,	 -0.776953,	 -0.509290,	 0.075312
-11.441853,	 37.727800,	 15.226647,	 -0.774024,	 -0.519149,	 0.071351
-11.828122,	 37.465808,	 15.261344,	 -0.770971,	 -0.529020,	 0.067349
-12.212834,	 37.198878,	 15.294029,	 -0.767790,	 -0.538902,	 0.063306
-12.595924,	 36.927004,	 15.324683,	 -0.764481,	 -0.548794,	 0.059220
-12.977327,	 36.650182,	 15.353283,	 -0.761041,	 -0.558694,	 0.055092
-13.356977,	 36.368408,	 15.379810,	 -0.757469,	 -0.568602,	 0.050923
-13.734809,	 36.081678,	 15.404241,	 -0.753763,	 -0.578516,	 0.046711
-14.110755,	 35.789990,	 15.426555,	 -0.749921,	 -0.588435,	 0.042456
-14.484747,	 35.493342,	 15.446732,	 -0.745942,	 -0.598357,	 0.038159
-14.856715,	 35.191732,	 15.464750,	 -0.741824,	 -0.608282,	 0.033819
-15.226589,	 34.885159,	 15.480588,	 -0.737564,	 -0.618207,	 0.029437
-15.594298,	 34.573625,	 15.494224,	 -0.733162,	 -0.628131,	 0.025011
-15.959771,	 34.257128,	 15.505637,	 -0.728615,	 -0.638053,	 0.020543
-16.322935,	 33.935672,	 15.514805,	 -0.723921,	 -0.647971,	 0.016032
-16.683715,	 33.609257,	 15.521707,	 -0.719079,	 -0.657883,	 0.011478
-17.042037,	 33.277889,	 15.526322,	 -0.714086,	 -0.667788,	 0.006881
-17.397826,	 32.941570,	 15.528627,	 -0.708941,	 -0.677683,	 0.002240
-17.751005,	 32.600306,	 15.528602,	 -0.703641,	 -0.687568,	 -0.002443
-18.101495,	 32.254103,	 15.526224,	 -0.698186,	 -0.697439,	 -0.007169
-18.449219,	 31.902968,	 15.521473,	 -0.692572,	 -0.707296,	 -0.011939
-18.794098,	 31.546909,	 15.514326,	 -0.686798,	 -0.717135,	 -0.016751
-19.136049,	 31.185935,	 15.504763,	 -0.680862,	 -0.726955,	 -0.021606
-19.474993,	 30.820056,	 15.492762,	 -0.674762,	 -0.736754,	 -0.026504
-19.810846,	 30.449283,	 15.478301,	 -0.668496,	 -0.746529,	 -0.031445
-20.143524,	 30.073629,	 15.461359,	 -0.662062,	 -0.756278,	 -0.036428
-20.472945,	 29.693107,	 15.441915,	 -0.655458,	 -0.765999,	 -0.041454
-20.799020,	 29.307732,	 15.419949,	 -0.648681,	 -0.775689,	 -0.046522
-21.121666,	 28.917520,	 15.395437,	 -0.641731,	 -0.785345,	 -0.051632
-21.440792,	 28.522489,	 15.368361,	 -0.634604,	 -0.794965,	 -0.056784
-21.756312,	 28.122658,	 15.338699,	 -0.627300,	 -0.804546,	 -0.061977
-22.068136,	 27.718046,	 15.306430,	 -0.619815,	 -0.814085,	 -0.067211
-22.376173,	 27.308675,	 15.271533,	 -0.612149,	 -0.823580,	 -0.072487
-22.680332,	 26.894569,	 15.233989,	 -0.604298,	 -0.833027,	 -0.077803
-22.980520,	 26.475751,	 15.193777,	 -0.596262,	 -0.842422,	 -0.083159
-23.276644,	 26.052249,	 15.150877,	 -0.588038,	 -0.851764,	 -0.088555
-23.568609,	 25.624090,	 15.105270,	 -0.579623,	 -0.861048,	 -0.093990
-23.856320,	 25.191303,	 15.056935,	 -0.571018,	 -0.870272,	 -0.099464
-24.139681,	 24.753921,	 15.005854,	 -0.562218,	 -0.879431,	 -0.104977
-24.418595,	 24.311975,	 14.952008,	 -0.553223,	 -0.888522,	 -0.110527
-24.692963,	 23.865501,	 14.895377,	 -0.544031,	 -0.897542,	 -0.116114
-24.962686,	 23.414535,	 14.835944,	 -0.534640,	 -0.906486,	 -0.121737
-25.227665,	 22.959117,	 14.773690,	 -0.525049,	 -0.915351,	 -0.127397
-25.487798,	 22.499286,	 14.708598,	 -0.515255,	 -0.924132,	 -0.133091
-25.742985,	 22.035087,	 14.640651,	 -0.505257,	 -0.932826,	 -0.138820
-25.993122,	 21.566562,	 14.569831,	 -0.495053,	 -0.941428,	 -0.144581
-26.238106,	 21.093761,	 14.496122,	 -0.484642,	 -0.949933,	 -0.150376
-26.477834,	 20.616730,	 14.419508,	 -0.474022,	 -0.958338,	 -0.156201
-26.712201,	 20.135523,	 14.339973,	 -0.463193,	 -0.966638,	 -0.162058
-26.941101,	 19.650193,	 14.257504,	 -0.452152,	 -0.974828,	 -0.167943
-27.164429,	 19.160796,	 14.172084,	 -0.440898,	 -0.982903,	 -0.173857
-27.382077,	 18.667391,	 14.083701,	 -0.429431,	 -0.990858,	 -0.179798
-27.593940,	 18.170038,	 13.992341,	 -0.417749,	 -0.998688,	 -0.185765
-27.799908,	 17.668802,	 13.897992,	 -0.405851,	 -1.006388,	 -0.191756
-27.999874,	 17.163749,	 13.800641,	 -0.393736,	 -1.013953,	 -0.197771
-28.193730,	 16.654947,	 13.700278,	 -0.381404,	 -1.021378,	 -0.203807
-28.381366,	 16.142469,	 13.596891,	 -0.368853,	 -1.028656,	 -0.209863
-28.562673,	 15.626389,	 13.490472,	 -0.356084,	 -1.035782,	 -0.215938
-28.737542,	 15.106783,	 13.381011,	 -0.343096,	 -1.042751,	 -0.222030
-28.905863,	 14.583734,	 13.268500,	 -0.329888,	 -1.049557,	 -0.228137
-29.067527,	 14.057322,	 13.152933,	 -0.316461,	 -1.056193,	 -0.234257
-29.222423,	 13.527636,	 13.034303,	 -0.302814,	 -1.062653,	 -0.240389
-29.370442,	 12.994763,	 12.912604,	 -0.288948,	 -1.068932,	 -0.246530
-29.511475,	 12.458797,	 12.787833,	 -0.274864,	 -1.075024,	 -0.252678
-29.645411,	 11.919832,	 12.659986,	 -0.260560,	 -1.080921,	 -0.258832
-29.772143,	 11.377967,	 12.529062,	 -0.246039,	 -1.086617,	 -0.264989
-29.891561,	 10.833305,	 12.395059,	 -0.231302,	 -1.092106,	 -0.271146
-30.003557,	 10.285951,	 12.257977,	 -0.216348,	 -1.097381,	 -0.277302
-30.108024,	 9.736012,	 12.117819,	 -0.201180,	 -1.102436,	 -0.283454
-30.204854,	 9.183602,	 11.974587,	 -0.185800,	 -1.107264,	 -0.289598
-30.293943,	 8.628835,	 11.828284,	 -0.170208,	 -1.111857,	 -0.295734
-30.375184,	 8.071830,	 11.678916,	 -0.154407,	 -1.116209,	 -0.301857
-30.448474,	 7.512709,	 11.526491,	 -0.138399,	 -1.120314,	 -0.307965
-30.513710,	 6.951598,	 11.371015,	 -0.122187,	 -1.124163,	 -0.314055
-30.570791,	 6.388627,	 11.212500,	 -0.105773,	 -1.127751,	 -0.320124
-30.619616,	 5.823927,	 11.050956,	 -0.089161,	 -1.131069,	 -0.326169
-30.660087,	 5.257636,	 10.886395,	 -0.072354,	 -1.134111,	 -0.332187
-30.692106,	 4.689892,	 10.718834,	 -0.055354,	 -1.136870,	 -0.338174
-30.715581,	 4.120840,	 10.548286,	 -0.038167,	 -1.139339,	 -0.344128
-30.730416,	 3.550625,	 10.374771,	 -0.020796,	 -1.141511,	 -0.350044
-30.736522,	 2.979400,	 10.198309,	 -0.003246,	 -1.143378,	 -0.355918
-30.733810,	 2.407316,	 10.018919,	 0.014478,	 -1.144935,	 -0.361749
-30.722194,	 1.834532,	 9.836626,	 0.032372,	 -1.146173,	 -0.367531
-30.701590,	 1.261208,	 9.651454,	 0.050429,	 -1.147086,	 -0.373261
-30.671919,	 0.687509,	 9.463431,	 0.068645,	 -1.147667,	 -0.378935
-30.633103,	 0.113601,	 9.272585,	 0.087012,	 -1.147911,	 -0.384550
-30.585067,	 -0.460344,	 9.078948,	 0.105525,	 -1.147809,	 -0.390101
-30.527741,	 -1.034152,	 8.882551,	 0.124177,	 -1.147356,	 -0.395583
-30.461055,	 -1.607647,	 8.683431,	 0.142961,	 -1.146546,	 -0.400995
-30.384948,	 -2.180647,	 8.481623,	 0.161868,	 -1.145372,	 -0.406330
-30.299357,	 -2.752970,	 8.277167,	 0.180892,	 -1.143829,	 -0.411584
-30.204228,	 -3.324431,	 8.070105,	 0.200024,	 -1.141910,	 -0.416755
-30.099508,	 -3.894838,	 7.860479,	 0.219256,	 -1.139611,	 -0.421836
-29.985149,	 -4.464003,	 7.648335,	 0.238579,	 -1.136927,	 -0.426825
-29.861109,	 -5.031729,	 7.433720,	 0.257983,	 -1.133851,	 -0.431716
-29.727348,	 -5.597821,	 7.216684,	 0.277460,	 -1.130381,	 -0.436506
-29.583834,	 -6.162080,	 6.997279,	 0.296999,	 -1.126510,	 -0.441189
-29.430536,	 -6.724305,	 6.775559,	 0.316590,	 -1.122236,	 -0.445763
-29.267433,	 -7.284293,	 6.551580,	 0.336223,	 -1.117554,	 -0.450221
-29.094505,	 -7.841839,	 6.325401,	 0.355887,	 -1.112462,	 -0.454561
-28.911740,	 -8.396738,	 6.097083,	 0.375570,	 -1.106955,	 -0.458778
-28.719130,	 -8.948782,	 5.866686,	 0.395262,	 -1.101032,	 -0.462867
-28.516675,	 -9.497762,	 5.634278,	 0.414952,	 -1.094691,	 -0.466825
-28.304378,	 -10.043469,	 5.399923,	 0.434626,	 -1.087929,	 -0.470647
-28.082250,	 -10.585690,	 5.163692,	 0.454273,	 -1.080745,	 -0.474329
-27.850307,	 -11.124217,	 4.925655,	 0.473881,	 -1.073138,	 -0.477867
-27.608573,	 -11.658836,	 4.685884,	 0.493438,	 -1.065108,	 -0.481258
-27.357076,	 -12.189337,	 4.444456,	 0.512930,	 -1.056656,	 -0.484497
-27.095851,	 -12.715508,	 4.201445,	 0.532345,	 -1.047780,	 -0.487581
-26.824940,	 -13.237138,	 3.956931,	 0.551670,	 -1.038484,	 -0.490506
-26.544391,	 -13.754017,	 3.710995,	 0.570891,	 -1.028767,	 -0.493269
-26.254259,	 -14.265935,	 3.463717,	 0.589997,	 -1.018633,	 -0.495867
-25.954606,	 -14.772684,	 3.215181,	 0.608972,	 -1.008083,	 -0.498296
-25.645500,	 -15.274056,	 2.965473,	 0.627805,	 -0.997121,	 -0.500553
-25.327014,	 -15.769848,	 2.714679,	 0.646483,	 -0.985751,	 -0.502636
-24.999231,	 -16.259856,	 2.462886,	 0.664991,	 -0.973977,	 -0.504542
-24.662238,	 -16.743878,	 2.210185,	 0.683316,	 -0.961803,	 -0.506268
-24.316130,	 -17.221717,	 1.956666,	 0.701446,	 -0.949235,	 -0.507812
-23.961007,	 -17.693177,	 1.702419,	 0.719368,	 -0.936279,	 -0.509172
-23.596977,	 -18.158064,	 1.447538,	 0.737069,	 -0.922941,	 -0.510346
-23.224153,	 -18.616190,	 1.192115,	 0.754536,	 -0.909228,	 -0.511332
-22.842655,	 -19.067369,	 0.936246,	 0.771756,	 -0.895147,	 -0.512130
-22.452610,	 -19.511419,	 0.680024,	 0.788718,	 -0.880706,	 -0.512737
-22.054150,	 -19.948163,	 0.423546,	 0.805410,	 -0.865913,	 -0.513152
-21.647413,	 -20.377425,	 0.166907,	 0.821819,	 -0.850778,	 -0.513376
-21.232543,	 -20.799038,	 -0.089796,	 0.837934,	 -0.835309,	 -0.513407
-20.809690,	 -21.212836,	 -0.346468,	 0.853744,	 -0.819516,	 -0.513245
-20.379008,	 -21.618661,	 -0.603011,	 0.869239,	 -0.803410,	 -0.512889
-19.940659,	 -22.016358,	 -0.859330,	 0.884408,	 -0.787000,	 -0.512341
-19.494807,	 -22.405778,	 -1.115327,	 0.899240,	 -0.770299,	 -0.511601
-19.041623,	 -22.786778,	 -1.370907,	 0.913728,	 -0.753316,	 -0.510668
-18.581281,	 -23.159220,	 -1.625974,	 0.927860,	 -0.736064,	 -0.509545
-18.113962,	 -23.522973,	 -1.880432,	 0.941630,	 -0.718554,	 -0.508231
-17.639850,	 -23.877910,	 -2.134187,	 0.955028,	 -0.700799,	 -0.506729
-17.159130,	 -24.223912,	 -2.387146,	 0.968047,	 -0.682811,	 -0.505040
-16.671996,	 -24.560866,	 -2.639214,	 0.980679,	 -0.664603,	 -0.503166
-16.178641,	 -24.888664,	 -2.890301,	 0.992919,	 -0.646187,	 -0.501108
-15.679264,	 -25.207206,	 -3.140314,	 1.004759,	 -0.627577,	 -0.498869
-15.174066,	 -25.516397,	 -3.389163,	 1.016195,	 -0.608785,	 -0.496452
-14.663250,	 -25.816151,	 -3.636761,	 1.027221,	 -0.589825,	 -0.493858
-14.147022,	 -26.106386,	 -3.883020,	 1.037832,	 -0.570710,	 -0.491091
-13.625591,	 -26.387029,	 -4.127853,	 1.048025,	 -0.551453,	 -0.488154
-13.099167,	 -26.658011,	 -4.371176,	 1.057797,	 -0.532068,	 -0.485050
-12.567961,	 -26.919272,	 -4.612907,	 1.067143,	 -0.512569,	 -0.481782
-12.032187,	 -27.170758,	 -4.852965,	 1.076063,	 -0.492967,	 -0.478353
-11.492057,	 -27.412422,	 -5.091269,	 1.084553,	 -0.473278,	 -0.474767
-10.947788,	 -27.644221,	 -5.327743,	 1.092613,	 -0.453514,	 -0.471028
-10.399594,	 -27.866123,	 -5.562311,	 1.100243,	 -0.433687,	 -0.467140
-9.847691,	 -28.078099,	 -5.794899,	 1.107441,	 -0.413812,	 -0.463107
-9.292295,	 -28.280128,	 -6.025435,	 1.114208,	 -0.393900,	 -0.458932
-8.733621,	 -28.472194,	 -6.253850,	 1.120544,	 -0.373964,	 -0.454620
-8.171884,	 -28.654289,	 -6.480076,	 1.126452,	 -0.354018,	 -0.450175
-7.607297,	 -28.826411,	 -6.704049,	 1.131932,	 -0.334072,	 -0.445601
-7.040076,	 -28.988563,	 -6.925704,	 1.136986,	 -0.314139,	 -0.440904
-6.470430,	 -29.140753,	 -7.144980,	 1.141618,	 -0.294230,	 -0.436086
-5.898572,	 -29.282997,	 -7.361819,	 1.145829,	 -0.274357,	 -0.431153
-5.324711,	 -29.415316,	 -7.576164,	 1.149624,	 -0.254531,	 -0.426109
-4.749053,	 -29.537736,	 -7.787961,	 1.153006,	 -0.234763,	 -0.420958
-4.171804,	 -29.650288,	 -7.997157,	 1.155980,	 -0.215063,	 -0.415705
