Xi		Yi		Zi		Vxi		Vyi		Vzi
-5.327374,	 -1.126789,	 -0.353276,	 0.559399,	 -2.351675,	 -1.021619
-3.841401,	 7.527245,	 3.274342,	 -1.954812,	 -0.835378,	 -0.260920
-3.938890,	 7.484988,	 3.261083,	 -1.944503,	 -0.855277,	 -0.269582
-4.035858,	 7.441739,	 3.247393,	 -1.933943,	 -0.875048,	 -0.278203
-4.132291,	 7.397505,	 3.233272,	 -1.923135,	 -0.894690,	 -0.286781
-4.228178,	 7.352292,	 3.218724,	 -1.912080,	 -0.914199,	 -0.295314
-4.323506,	 7.306107,	 3.203750,	 -1.900781,	 -0.933572,	 -0.303803
-4.418263,	 7.258957,	 3.188353,	 -1.889239,	 -0.952807,	 -0.312244
-4.512438,	 7.210848,	 3.172535,	 -1.877458,	 -0.971901,	 -0.320638
-4.606017,	 7.161788,	 3.156299,	 -1.865438,	 -0.990852,	 -0.328982
-4.698990,	 7.111784,	 3.139646,	 -1.853183,	 -1.009656,	 -0.337276
-4.791344,	 7.060844,	 3.122580,	 -1.840694,	 -1.028311,	 -0.345519
-4.883068,	 7.008974,	 3.105103,	 -1.827975,	 -1.046815,	 -0.353709
-4.974150,	 6.956183,	 3.087218,	 -1.815026,	 -1.065165,	 -0.361845
-5.064580,	 6.902478,	 3.068928,	 -1.801851,	 -1.083358,	 -0.369927
-5.154345,	 6.847868,	 3.050234,	 -1.788452,	 -1.101392,	 -0.377952
-5.243435,	 6.792360,	 3.031141,	 -1.774831,	 -1.119265,	 -0.385921
-5.331838,	 6.735962,	 3.011651,	 -1.760991,	 -1.136974,	 -0.393831
-5.419544,	 6.678683,	 2.991767,	 -1.746935,	 -1.154517,	 -0.401681
-5.506542,	 6.620531,	 2.971492,	 -1.732664,	 -1.171891,	 -0.409472
-5.592822,	 6.561514,	 2.950829,	 -1.718182,	 -1.189095,	 -0.417201
-5.678372,	 6.501641,	 2.929781,	 -1.703491,	 -1.206125,	 -0.424867
-5.763182,	 6.440921,	 2.908351,	 -1.688594,	 -1.222981,	 -0.432470
-5.847243,	 6.379363,	 2.886542,	 -1.673493,	 -1.239659,	 -0.440009
-5.930543,	 6.316975,	 2.864358,	 -1.658192,	 -1.256159,	 -0.447482
-6.013074,	 6.253766,	 2.841803,	 -1.642692,	 -1.272476,	 -0.454889
-6.094825,	 6.189747,	 2.818878,	 -1.626996,	 -1.288611,	 -0.462229
-6.175786,	 6.124924,	 2.795588,	 -1.611108,	 -1.304560,	 -0.469500
-6.255948,	 6.059310,	 2.771936,	 -1.595030,	 -1.320321,	 -0.476702
-6.335302,	 5.992911,	 2.747926,	 -1.578765,	 -1.335894,	 -0.483834
-6.413838,	 5.925739,	 2.723561,	 -1.562316,	 -1.351275,	 -0.490895
-6.491547,	 5.857802,	 2.698845,	 -1.545685,	 -1.366464,	 -0.497884
-6.568420,	 5.789111,	 2.673781,	 -1.528876,	 -1.381458,	 -0.504801
-6.644449,	 5.719675,	 2.648373,	 -1.511891,	 -1.396256,	 -0.511643
-6.719624,	 5.649503,	 2.622625,	 -1.494733,	 -1.410856,	 -0.518412
-6.793936,	 5.578607,	 2.596540,	 -1.477406,	 -1.425256,	 -0.525106
-6.867379,	 5.506995,	 2.570122,	 -1.459911,	 -1.439456,	 -0.531723
-6.939942,	 5.434679,	 2.543375,	 -1.442253,	 -1.453452,	 -0.538264
-7.011619,	 5.361667,	 2.516304,	 -1.424434,	 -1.467245,	 -0.544728
-7.082401,	 5.287971,	 2.488910,	 -1.406457,	 -1.480832,	 -0.551114
-7.152280,	 5.213601,	 2.461200,	 -1.388325,	 -1.494211,	 -0.557420
-7.221249,	 5.138567,	 2.433176,	 -1.370042,	 -1.507383,	 -0.563647
-7.289300,	 5.062879,	 2.404843,	 -1.351609,	 -1.520345,	 -0.569794
-7.356426,	 4.986549,	 2.376204,	 -1.333031,	 -1.533096,	 -0.575861
-7.422620,	 4.909586,	 2.347264,	 -1.314310,	 -1.545635,	 -0.581845
-7.487874,	 4.832001,	 2.318027,	 -1.295449,	 -1.557960,	 -0.587748
-7.552181,	 4.753806,	 2.288496,	 -1.276452,	 -1.570072,	 -0.593568
-7.615536,	 4.675010,	 2.258677,	 -1.257321,	 -1.581967,	 -0.599304
-7.677930,	 4.595624,	 2.228573,	 -1.238059,	 -1.593646,	 -0.604957
-7.739359,	 4.515660,	 2.198188,	 -1.218670,	 -1.605107,	 -0.610525
-7.799815,	 4.435129,	 2.167527,	 -1.199157,	 -1.616350,	 -0.616009
-7.859292,	 4.354040,	 2.136594,	 -1.179523,	 -1.627373,	 -0.621407
-7.917785,	 4.272406,	 2.105394,	 -1.159771,	 -1.638176,	 -0.626719
-7.975287,	 4.190237,	 2.073929,	 -1.139903,	 -1.648758,	 -0.631944
-8.031793,	 4.107544,	 2.042206,	 -1.119924,	 -1.659118,	 -0.637083
-8.087298,	 4.024339,	 2.010228,	 -1.099836,	 -1.669255,	 -0.642134
-8.141795,	 3.940633,	 1.977999,	 -1.079642,	 -1.679168,	 -0.647098
-8.195280,	 3.856436,	 1.945524,	 -1.059346,	 -1.688858,	 -0.651974
-8.247748,	 3.771760,	 1.912808,	 -1.038950,	 -1.698322,	 -0.656761
-8.299194,	 3.686617,	 1.879854,	 -1.018458,	 -1.707562,	 -0.661459
-8.349613,	 3.601017,	 1.846668,	 -0.997872,	 -1.716575,	 -0.666067
-8.399001,	 3.514972,	 1.813254,	 -0.977197,	 -1.725362,	 -0.670587
-8.447352,	 3.428493,	 1.779615,	 -0.956434,	 -1.733923,	 -0.675016
-8.494663,	 3.341592,	 1.745758,	 -0.935587,	 -1.742256,	 -0.679355
-8.540930,	 3.254279,	 1.711686,	 -0.914660,	 -1.750361,	 -0.683603
-8.586149,	 3.166567,	 1.677403,	 -0.893654,	 -1.758239,	 -0.687761
-8.630316,	 3.078467,	 1.642915,	 -0.872574,	 -1.765888,	 -0.691827
-8.673426,	 2.989990,	 1.608226,	 -0.851422,	 -1.773308,	 -0.695803
-8.715478,	 2.901147,	 1.573340,	 -0.830201,	 -1.780500,	 -0.699686
-8.756467,	 2.811951,	 1.538263,	 -0.808915,	 -1.787463,	 -0.703478
-8.796390,	 2.722412,	 1.502998,	 -0.787566,	 -1.794197,	 -0.707178
-8.835244,	 2.632542,	 1.467550,	 -0.766157,	 -1.800701,	 -0.710786
-8.873026,	 2.542352,	 1.431924,	 -0.744692,	 -1.806977,	 -0.714302
-8.909733,	 2.451854,	 1.396125,	 -0.723174,	 -1.813023,	 -0.717725
-8.945364,	 2.361059,	 1.360157,	 -0.701605,	 -1.818839,	 -0.721056
-8.979915,	 2.269980,	 1.324024,	 -0.679988,	 -1.824426,	 -0.724294
-9.013384,	 2.178626,	 1.287732,	 -0.658327,	 -1.829784,	 -0.727439
-9.045768,	 2.087010,	 1.251285,	 -0.636624,	 -1.834913,	 -0.730491
-9.077067,	 1.995144,	 1.214688,	 -0.614882,	 -1.839813,	 -0.733450
-9.107278,	 1.903038,	 1.177945,	 -0.593104,	 -1.844483,	 -0.736317
-9.136399,	 1.810704,	 1.141060,	 -0.571294,	 -1.848926,	 -0.739090
-9.164428,	 1.718153,	 1.104040,	 -0.549453,	 -1.853139,	 -0.741771
-9.191365,	 1.625398,	 1.066887,	 -0.527586,	 -1.857125,	 -0.744358
-9.217209,	 1.532448,	 1.029608,	 -0.505694,	 -1.860883,	 -0.746852
-9.241956,	 1.439317,	 0.992206,	 -0.483781,	 -1.864413,	 -0.749253
-9.265608,	 1.346014,	 0.954687,	 -0.461850,	 -1.867716,	 -0.751561
-9.288163,	 1.252552,	 0.917054,	 -0.439902,	 -1.870792,	 -0.753776
-9.309620,	 1.158942,	 0.879313,	 -0.417942,	 -1.873642,	 -0.755898
-9.329979,	 1.065194,	 0.841468,	 -0.395971,	 -1.876266,	 -0.757927
-9.349239,	 0.971321,	 0.803524,	 -0.373994,	 -1.878664,	 -0.759864
-9.367400,	 0.877334,	 0.765485,	 -0.352011,	 -1.880838,	 -0.761708
-9.384462,	 0.783244,	 0.727356,	 -0.330027,	 -1.882787,	 -0.763459
-9.400425,	 0.689061,	 0.689142,	 -0.308043,	 -1.884512,	 -0.765117
-9.415289,	 0.594798,	 0.650848,	 -0.286063,	 -1.886014,	 -0.766684
-9.429053,	 0.500465,	 0.612477,	 -0.264089,	 -1.887293,	 -0.768158
-9.441720,	 0.406073,	 0.574035,	 -0.242124,	 -1.888351,	 -0.769540
-9.453288,	 0.311634,	 0.535526,	 -0.220171,	 -1.889187,	 -0.770830
-9.463759,	 0.217159,	 0.496955,	 -0.198231,	 -1.889802,	 -0.772028
-9.473133,	 0.122658,	 0.458326,	 -0.176309,	 -1.890198,	 -0.773135
-9.481412,	 0.028143,	 0.419644,	 -0.154405,	 -1.890375,	 -0.774150
-9.488596,	 -0.066376,	 0.380913,	 -0.132523,	 -1.890333,	 -0.775075
-9.494687,	 -0.160887,	 0.342139,	 -0.110666,	 -1.890073,	 -0.775908
-9.499685,	 -0.255380,	 0.303325,	 -0.088835,	 -1.889597,	 -0.776651
-9.503592,	 -0.349843,	 0.264476,	 -0.067034,	 -1.888905,	 -0.777303
-9.506411,	 -0.444267,	 0.225596,	 -0.045264,	 -1.887998,	 -0.777865
-9.508141,	 -0.538641,	 0.186691,	 -0.023529,	 -1.886876,	 -0.778338
-9.508786,	 -0.632953,	 0.147765,	 -0.001830,	 -1.885542,	 -0.778720
-9.508347,	 -0.727193,	 0.108821,	 0.019830,	 -1.883995,	 -0.779013
-9.506825,	 -0.821350,	 0.069865,	 0.041448,	 -1.882236,	 -0.779217
-9.504224,	 -0.915415,	 0.030901,	 0.063022,	 -1.880268,	 -0.779333
-9.500545,	 -1.009376,	 -0.008067,	 0.084551,	 -1.878089,	 -0.779359
-9.495791,	 -1.103222,	 -0.047034,	 0.106031,	 -1.875703,	 -0.779298
-9.489965,	 -1.196945,	 -0.085995,	 0.127460,	 -1.873109,	 -0.779149
-9.483068,	 -1.290533,	 -0.124947,	 0.148836,	 -1.870308,	 -0.778912
-9.475103,	 -1.383975,	 -0.163885,	 0.170157,	 -1.867303,	 -0.778588
-9.466074,	 -1.477263,	 -0.202805,	 0.191421,	 -1.864093,	 -0.778177
-9.455983,	 -1.570384,	 -0.241702,	 0.212625,	 -1.860680,	 -0.777680
-9.444834,	 -1.663331,	 -0.280572,	 0.233767,	 -1.857065,	 -0.777097
-9.432629,	 -1.756091,	 -0.319411,	 0.254845,	 -1.853249,	 -0.776428
-9.419372,	 -1.848656,	 -0.358214,	 0.275857,	 -1.849233,	 -0.775673
-9.405065,	 -1.941015,	 -0.396978,	 0.296801,	 -1.845019,	 -0.774834
-9.389714,	 -2.033159,	 -0.435697,	 0.317675,	 -1.840607,	 -0.773910
-9.373320,	 -2.125077,	 -0.474368,	 0.338476,	 -1.835999,	 -0.772902
-9.355888,	 -2.216760,	 -0.512987,	 0.359203,	 -1.831197,	 -0.771810
-9.337422,	 -2.308199,	 -0.551549,	 0.379854,	 -1.826200,	 -0.770635
-9.317924,	 -2.399382,	 -0.590050,	 0.400426,	 -1.821011,	 -0.769377
-9.297401,	 -2.490302,	 -0.628486,	 0.420918,	 -1.815630,	 -0.768037
-9.275855,	 -2.580948,	 -0.666854,	 0.441327,	 -1.810060,	 -0.766614
-9.253290,	 -2.671310,	 -0.705148,	 0.461653,	 -1.804301,	 -0.765110
-9.229711,	 -2.761381,	 -0.743365,	 0.481892,	 -1.798354,	 -0.763525
-9.205122,	 -2.851149,	 -0.781501,	 0.502044,	 -1.792221,	 -0.761859
-9.179528,	 -2.940606,	 -0.819551,	 0.522105,	 -1.785903,	 -0.760113
-9.152933,	 -3.029742,	 -0.857512,	 0.542075,	 -1.779402,	 -0.758287
-9.125342,	 -3.118549,	 -0.895380,	 0.561951,	 -1.772718,	 -0.756381
-9.096760,	 -3.207018,	 -0.933151,	 0.581733,	 -1.765853,	 -0.754397
-9.067190,	 -3.295139,	 -0.970821,	 0.601417,	 -1.758809,	 -0.752335
-9.036639,	 -3.382903,	 -1.008385,	 0.621002,	 -1.751587,	 -0.750194
-9.005111,	 -3.470302,	 -1.045841,	 0.640487,	 -1.744188,	 -0.747977
-8.972612,	 -3.557326,	 -1.083184,	 0.659870,	 -1.736613,	 -0.745682
-8.939145,	 -3.643968,	 -1.120410,	 0.679149,	 -1.728864,	 -0.743311
-8.904718,	 -3.730218,	 -1.157516,	 0.698323,	 -1.720943,	 -0.740865
-8.869334,	 -3.816067,	 -1.194498,	 0.717389,	 -1.712850,	 -0.738343
-8.833000,	 -3.901508,	 -1.231352,	 0.736347,	 -1.704587,	 -0.735746
-8.795720,	 -3.986531,	 -1.268074,	 0.755194,	 -1.696156,	 -0.733074
-8.757501,	 -4.071129,	 -1.304661,	 0.773930,	 -1.687558,	 -0.730329
-8.718348,	 -4.155293,	 -1.341109,	 0.792552,	 -1.678794,	 -0.727511
-8.678266,	 -4.239015,	 -1.377414,	 0.811059,	 -1.669866,	 -0.724620
-8.637262,	 -4.322286,	 -1.413572,	 0.829450,	 -1.660775,	 -0.721656
-8.595341,	 -4.405099,	 -1.449581,	 0.847723,	 -1.651523,	 -0.718621
-8.552510,	 -4.487445,	 -1.485436,	 0.865876,	 -1.642111,	 -0.715515
-8.508774,	 -4.569317,	 -1.521134,	 0.883909,	 -1.632541,	 -0.712338
-8.464139,	 -4.650706,	 -1.556672,	 0.901820,	 -1.622814,	 -0.709091
-8.418612,	 -4.731605,	 -1.592046,	 0.919607,	 -1.612931,	 -0.705775
-8.372198,	 -4.812007,	 -1.627252,	 0.937269,	 -1.602895,	 -0.702389
-8.324905,	 -4.891902,	 -1.662287,	 0.954805,	 -1.592706,	 -0.698935
-8.276737,	 -4.971285,	 -1.697148,	 0.972213,	 -1.582366,	 -0.695414
-8.227703,	 -5.050147,	 -1.731831,	 0.989492,	 -1.571876,	 -0.691825
-8.177808,	 -5.128481,	 -1.766333,	 1.006641,	 -1.561238,	 -0.688169
-8.127058,	 -5.206279,	 -1.800650,	 1.023659,	 -1.550454,	 -0.684447
-8.075461,	 -5.283535,	 -1.834780,	 1.040543,	 -1.539525,	 -0.680660
-8.023023,	 -5.360240,	 -1.868719,	 1.057294,	 -1.528452,	 -0.676807
-7.969750,	 -5.436389,	 -1.902464,	 1.073910,	 -1.517238,	 -0.672890
-7.915651,	 -5.511973,	 -1.936011,	 1.090389,	 -1.505883,	 -0.668909
-7.860730,	 -5.586986,	 -1.969357,	 1.106731,	 -1.494388,	 -0.664865
-7.804996,	 -5.661421,	 -2.002500,	 1.122933,	 -1.482757,	 -0.660758
-7.748455,	 -5.735271,	 -2.035436,	 1.138996,	 -1.470989,	 -0.656588
-7.691115,	 -5.808529,	 -2.068162,	 1.154919,	 -1.459087,	 -0.652357
-7.632982,	 -5.881189,	 -2.100675,	 1.170699,	 -1.447052,	 -0.648066
-7.574063,	 -5.953245,	 -2.132972,	 1.186335,	 -1.434885,	 -0.643713
-7.514366,	 -6.024688,	 -2.165050,	 1.201828,	 -1.422589,	 -0.639301
-7.453898,	 -6.095514,	 -2.196906,	 1.217175,	 -1.410164,	 -0.634830
-7.392666,	 -6.165715,	 -2.228536,	 1.232377,	 -1.397613,	 -0.630300
-7.330678,	 -6.235285,	 -2.259939,	 1.247430,	 -1.384936,	 -0.625711
-7.267941,	 -6.304219,	 -2.291111,	 1.262336,	 -1.372135,	 -0.621066
-7.204462,	 -6.372510,	 -2.322050,	 1.277092,	 -1.359212,	 -0.616363
-7.140249,	 -6.440151,	 -2.352751,	 1.291699,	 -1.346169,	 -0.611604
-7.075309,	 -6.507138,	 -2.383214,	 1.306154,	 -1.333006,	 -0.606790
-7.009650,	 -6.573463,	 -2.413434,	 1.320457,	 -1.319725,	 -0.601920
-6.943280,	 -6.639122,	 -2.443410,	 1.334607,	 -1.306329,	 -0.596995
-6.876206,	 -6.704108,	 -2.473138,	 1.348603,	 -1.292818,	 -0.592017
-6.808436,	 -6.768415,	 -2.502616,	 1.362444,	 -1.279193,	 -0.586985
-6.739978,	 -6.832039,	 -2.531841,	 1.376130,	 -1.265458,	 -0.581901
-6.670839,	 -6.894973,	 -2.560810,	 1.389660,	 -1.251612,	 -0.576764
-6.601028,	 -6.957212,	 -2.589521,	 1.403032,	 -1.237658,	 -0.571576
-6.530552,	 -7.018751,	 -2.617972,	 1.416246,	 -1.223596,	 -0.566337
-6.459419,	 -7.079584,	 -2.646159,	 1.429302,	 -1.209430,	 -0.561048
-6.387638,	 -7.139706,	 -2.674081,	 1.442197,	 -1.195159,	 -0.555708
-6.315215,	 -7.199113,	 -2.701735,	 1.454933,	 -1.180787,	 -0.550320
-6.242160,	 -7.257798,	 -2.729118,	 1.467507,	 -1.166313,	 -0.544883
-6.168480,	 -7.315757,	 -2.756228,	 1.479920,	 -1.151740,	 -0.539398
-6.094183,	 -7.372985,	 -2.783062,	 1.492170,	 -1.137069,	 -0.533865
-6.019277,	 -7.429477,	 -2.809619,	 1.504257,	 -1.122302,	 -0.528286
-5.943772,	 -7.485228,	 -2.835896,	 1.516180,	 -1.107441,	 -0.522661
-5.867674,	 -7.540234,	 -2.861890,	 1.527938,	 -1.092486,	 -0.516990
-5.790992,	 -7.594490,	 -2.887600,	 1.539531,	 -1.077440,	 -0.511274
-5.713735,	 -7.647992,	 -2.913022,	 1.550958,	 -1.062303,	 -0.505514
-5.635911,	 -7.700734,	 -2.938156,	 1.562219,	 -1.047078,	 -0.499710
-5.557527,	 -7.752713,	 -2.962999,	 1.573312,	 -1.031766,	 -0.493863
-5.478593,	 -7.803925,	 -2.987548,	 1.584238,	 -1.016368,	 -0.487973
-5.399117,	 -7.854364,	 -3.011801,	 1.594995,	 -1.000886,	 -0.482042
-5.319107,	 -7.904027,	 -3.035757,	 1.605584,	 -0.985321,	 -0.476068
-5.238572,	 -7.952911,	 -3.059413,	 1.616003,	 -0.969676,	 -0.470055
-5.157520,	 -8.001009,	 -3.082768,	 1.626252,	 -0.953951,	 -0.464001
-5.075960,	 -8.048320,	 -3.105819,	 1.636331,	 -0.938148,	 -0.457907
-4.993900,	 -8.094839,	 -3.128564,	 1.646239,	 -0.922268,	 -0.451775
-4.911349,	 -8.140562,	 -3.151002,	 1.655975,	 -0.906314,	 -0.445604
-4.828315,	 -8.185485,	 -3.173130,	 1.665539,	 -0.890286,	 -0.439395
-4.744807,	 -8.229605,	 -3.194947,	 1.674930,	 -0.874186,	 -0.433150
-4.660834,	 -8.272918,	 -3.216451,	 1.684149,	 -0.858015,	 -0.426867
-4.576404,	 -8.315422,	 -3.237639,	 1.693194,	 -0.841776,	 -0.420549
-4.491527,	 -8.357111,	 -3.258511,	 1.702065,	 -0.825469,	 -0.414195
-4.406209,	 -8.397984,	 -3.279065,	 1.710762,	 -0.809096,	 -0.407807
-4.320462,	 -8.438036,	 -3.299298,	 1.719284,	 -0.792658,	 -0.401384
-4.234292,	 -8.477265,	 -3.319209,	 1.727631,	 -0.776158,	 -0.394928
-4.147710,	 -8.515667,	 -3.338797,	 1.735803,	 -0.759596,	 -0.388439
-4.060723,	 -8.553240,	 -3.358059,	 1.743798,	 -0.742974,	 -0.381918
-3.973341,	 -8.589980,	 -3.376994,	 1.751618,	 -0.726293,	 -0.375365
-3.885572,	 -8.625885,	 -3.395601,	 1.759260,	 -0.709556,	 -0.368780
-3.797425,	 -8.660952,	 -3.413878,	 1.766726,	 -0.692763,	 -0.362165
-3.708910,	 -8.695177,	 -3.431824,	 1.774014,	 -0.675915,	 -0.355520
-3.620034,	 -8.728559,	 -3.449437,	 1.781125,	 -0.659015,	 -0.348846
-3.530807,	 -8.761095,	 -3.466715,	 1.788057,	 -0.642064,	 -0.342143
-3.441238,	 -8.792782,	 -3.483657,	 1.794812,	 -0.625064,	 -0.335412
-3.351336,	 -8.823618,	 -3.500262,	 1.801387,	 -0.608015,	 -0.328653
-3.261109,	 -8.853600,	 -3.516529,	 1.807784,	 -0.590919,	 -0.321867
-3.170567,	 -8.882726,	 -3.532455,	 1.814002,	 -0.573779,	 -0.315055
-3.079718,	 -8.910994,	 -3.548041,	 1.820040,	 -0.556594,	 -0.308217
-2.988572,	 -8.938402,	 -3.563284,	 1.825899,	 -0.539367,	 -0.301354
-2.897137,	 -8.964947,	 -3.578183,	 1.831578,	 -0.522099,	 -0.294466
-2.805422,	 -8.990628,	 -3.592737,	 1.837076,	 -0.504792,	 -0.287554
-2.713437,	 -9.015443,	 -3.606944,	 1.842394,	 -0.487447,	 -0.280619
-2.621191,	 -9.039390,	 -3.620805,	 1.847532,	 -0.470065,	 -0.273660
-2.528692,	 -9.062467,	 -3.634317,	 1.852489,	 -0.452649,	 -0.266680
-2.435950,	 -9.084672,	 -3.647480,	 1.857265,	 -0.435198,	 -0.259678
-2.342974,	 -9.106003,	 -3.660292,	 1.861860,	 -0.417716,	 -0.252655
-2.249772,	 -9.126460,	 -3.672752,	 1.866273,	 -0.400203,	 -0.245611
-2.156354,	 -9.146041,	 -3.684859,	 1.870505,	 -0.382661,	 -0.238548
-2.062728,	 -9.164743,	 -3.696613,	 1.874555,	 -0.365091,	 -0.231465
-1.968905,	 -9.182567,	 -3.708013,	 1.878424,	 -0.347494,	 -0.224364
-1.874893,	 -9.199510,	 -3.719057,	 1.882110,	 -0.329873,	 -0.217244
-1.780701,	 -9.215571,	 -3.729744,	 1.885615,	 -0.312228,	 -0.210107
-1.686338,	 -9.230750,	 -3.740074,	 1.888937,	 -0.294562,	 -0.202953
-1.591813,	 -9.245045,	 -3.750046,	 1.892077,	 -0.276874,	 -0.195782
-1.497136,	 -9.258455,	 -3.759659,	 1.895035,	 -0.259168,	 -0.188596
-1.402316,	 -9.270979,	 -3.768913,	 1.897810,	 -0.241444,	 -0.181395
-1.307361,	 -9.282617,	 -3.777806,	 1.900403,	 -0.223703,	 -0.174179
-1.212281,	 -9.293367,	 -3.786338,	 1.902813,	 -0.205948,	 -0.166949
-1.117085,	 -9.303229,	 -3.794508,	 1.905041,	 -0.188179,	 -0.159706
-1.021782,	 -9.312203,	 -3.802315,	 1.907086,	 -0.170399,	 -0.152450
-0.926381,	 -9.320287,	 -3.809760,	 1.908948,	 -0.152607,	 -0.145181
-0.830892,	 -9.327481,	 -3.816840,	 1.910627,	 -0.134807,	 -0.137902
-0.735323,	 -9.333785,	 -3.823557,	 1.912123,	 -0.116999,	 -0.130610
-0.639684,	 -9.339198,	 -3.829909,	 1.913437,	 -0.099184,	 -0.123309
-0.543984,	 -9.343721,	 -3.835895,	 1.914568,	 -0.081365,	 -0.115998
-0.448231,	 -9.347353,	 -3.841515,	 1.915516,	 -0.063542,	 -0.108677
-0.352436,	 -9.350093,	 -3.846770,	 1.916281,	 -0.045718,	 -0.101348
-0.256607,	 -9.351942,	 -3.851657,	 1.916863,	 -0.027892,	 -0.094010
-0.160753,	 -9.352900,	 -3.856178,	 1.917263,	 -0.010067,	 -0.086665
-0.064884,	 -9.352967,	 -3.860331,	 1.917480,	 0.007755,	 -0.079313
0.030991,	 -9.352143,	 -3.864117,	 1.917514,	 0.025574,	 -0.071955
0.126864,	 -9.350427,	 -3.867534,	 1.917365,	 0.043388,	 -0.064590
0.222725,	 -9.347822,	 -3.870583,	 1.917034,	 0.061195,	 -0.057221
0.318565,	 -9.344326,	 -3.873263,	 1.916520,	 0.078995,	 -0.049847
0.414375,	 -9.339940,	 -3.875575,	 1.915824,	 0.096785,	 -0.042469
0.510145,	 -9.334665,	 -3.877518,	 1.914946,	 0.114565,	 -0.035088
0.605867,	 -9.328502,	 -3.879091,	 1.913885,	 0.132332,	 -0.027703
0.701532,	 -9.321450,	 -3.880295,	 1.912643,	 0.150086,	 -0.020317
0.797130,	 -9.313511,	 -3.881130,	 1.911218,	 0.167826,	 -0.012928
0.892652,	 -9.304686,	 -3.881595,	 1.909611,	 0.185549,	 -0.005539
0.988090,	 -9.294974,	 -3.881691,	 1.907823,	 0.203254,	 0.001851
1.083433,	 -9.284378,	 -3.881418,	 1.905853,	 0.220940,	 0.009241
1.178674,	 -9.272898,	 -3.880775,	 1.903701,	 0.238606,	 0.016630
1.273803,	 -9.260536,	 -3.879762,	 1.901368,	 0.256250,	 0.024018
1.368810,	 -9.247291,	 -3.878380,	 1.898854,	 0.273871,	 0.031404
1.463687,	 -9.233166,	 -3.876629,	 1.896159,	 0.291467,	 0.038788
1.558426,	 -9.218163,	 -3.874509,	 1.893283,	 0.309036,	 0.046169
1.653016,	 -9.202281,	 -3.872020,	 1.890226,	 0.326579,	 0.053546
1.747449,	 -9.185523,	 -3.869162,	 1.886989,	 0.344092,	 0.060919
1.841715,	 -9.167890,	 -3.865935,	 1.883572,	 0.361576,	 0.068287
1.935806,	 -9.149383,	 -3.862340,	 1.879975,	 0.379027,	 0.075650
2.029713,	 -9.130005,	 -3.858378,	 1.876198,	 0.396446,	 0.083007
2.123427,	 -9.109756,	 -3.854047,	 1.872242,	 0.413830,	 0.090358
2.216938,	 -9.088640,	 -3.849349,	 1.868106,	 0.431179,	 0.097701
2.310239,	 -9.066657,	 -3.844285,	 1.863791,	 0.448490,	 0.105037
2.403319,	 -9.043809,	 -3.838853,	 1.859298,	 0.465762,	 0.112365
2.496170,	 -9.020098,	 -3.833055,	 1.854626,	 0.482995,	 0.119683
2.588783,	 -8.995527,	 -3.826892,	 1.849775,	 0.500186,	 0.126993
2.681150,	 -8.970098,	 -3.820364,	 1.844747,	 0.517334,	 0.134292
2.773260,	 -8.943812,	 -3.813470,	 1.839541,	 0.534438,	 0.141581
2.865106,	 -8.916672,	 -3.806213,	 1.834158,	 0.551497,	 0.148858
2.956679,	 -8.888680,	 -3.798592,	 1.828598,	 0.568508,	 0.156124
3.047969,	 -8.859839,	 -3.790608,	 1.822860,	 0.585471,	 0.163377
3.138967,	 -8.830150,	 -3.782262,	 1.816947,	 0.602385,	 0.170617
3.229666,	 -8.799618,	 -3.773554,	 1.810858,	 0.619247,	 0.177844
3.320056,	 -8.768243,	 -3.764485,	 1.804593,	 0.636057,	 0.185057
3.410129,	 -8.736030,	 -3.755056,	 1.798152,	 0.652812,	 0.192255
3.499875,	 -8.702980,	 -3.745267,	 1.791537,	 0.669513,	 0.199437
3.589286,	 -8.669096,	 -3.735119,	 1.784747,	 0.686157,	 0.206604
3.678354,	 -8.634382,	 -3.724614,	 1.777782,	 0.702742,	 0.213754
3.767069,	 -8.598840,	 -3.713751,	 1.770645,	 0.719269,	 0.220887
3.855423,	 -8.562472,	 -3.702533,	 1.763333,	 0.735734,	 0.228003
3.943407,	 -8.525284,	 -3.690958,	 1.755849,	 0.752137,	 0.235100
4.031012,	 -8.487276,	 -3.679030,	 1.748192,	 0.768476,	 0.242178
4.118231,	 -8.448453,	 -3.666748,	 1.740363,	 0.784751,	 0.249237
4.205054,	 -8.408818,	 -3.654114,	 1.732362,	 0.800959,	 0.256276
4.291472,	 -8.368375,	 -3.641128,	 1.724190,	 0.817099,	 0.263294
4.377478,	 -8.327126,	 -3.627792,	 1.715848,	 0.833170,	 0.270291
4.463063,	 -8.285075,	 -3.614106,	 1.707335,	 0.849170,	 0.277266
4.548217,	 -8.242226,	 -3.600072,	 1.698652,	 0.865098,	 0.284219
4.632934,	 -8.198582,	 -3.585692,	 1.689801,	 0.880953,	 0.291148
4.717204,	 -8.154148,	 -3.570965,	 1.680780,	 0.896733,	 0.298054
4.801018,	 -8.108926,	 -3.555893,	 1.671591,	 0.912438,	 0.304936
4.884369,	 -8.062921,	 -3.540479,	 1.662234,	 0.928064,	 0.311793
4.967248,	 -8.016137,	 -3.524721,	 1.652711,	 0.943612,	 0.318625
5.049647,	 -7.968577,	 -3.508623,	 1.643020,	 0.959079,	 0.325430
5.131557,	 -7.920245,	 -3.492186,	 1.633164,	 0.974464,	 0.332209
5.212971,	 -7.871147,	 -3.475410,	 1.623141,	 0.989767,	 0.338961
5.293879,	 -7.821285,	 -3.458297,	 1.612955,	 1.004985,	 0.345685
5.374274,	 -7.770665,	 -3.440848,	 1.602603,	 1.020117,	 0.352380
5.454147,	 -7.719290,	 -3.423066,	 1.592088,	 1.035162,	 0.359047
5.533490,	 -7.667165,	 -3.404951,	 1.581410,	 1.050118,	 0.365684
5.612296,	 -7.614295,	 -3.386505,	 1.570570,	 1.064984,	 0.372291
5.690555,	 -7.560683,	 -3.367729,	 1.559567,	 1.079759,	 0.378867
5.768261,	 -7.506335,	 -3.348625,	 1.548404,	 1.094440,	 0.385411
5.845404,	 -7.451256,	 -3.329195,	 1.537079,	 1.109028,	 0.391924
5.921978,	 -7.395449,	 -3.309440,	 1.525595,	 1.123520,	 0.398404
5.997973,	 -7.338920,	 -3.289361,	 1.513952,	 1.137915,	 0.404851
6.073382,	 -7.281673,	 -3.268962,	 1.502151,	 1.152212,	 0.411264
6.148197,	 -7.223714,	 -3.248242,	 1.490191,	 1.166409,	 0.417642
6.222410,	 -7.165048,	 -3.227204,	 1.478075,	 1.180505,	 0.423986
6.296014,	 -7.105679,	 -3.205850,	 1.465802,	 1.194499,	 0.430294
6.369000,	 -7.045614,	 -3.184182,	 1.453374,	 1.208388,	 0.436565
6.441361,	 -6.984856,	 -3.162201,	 1.440791,	 1.222172,	 0.442800
6.513090,	 -6.923412,	 -3.139909,	 1.428054,	 1.235850,	 0.448998
6.584177,	 -6.861287,	 -3.117308,	 1.415163,	 1.249419,	 0.455157
6.654616,	 -6.798486,	 -3.094400,	 1.402121,	 1.262880,	 0.461278
6.724400,	 -6.735014,	 -3.071187,	 1.388926,	 1.276229,	 0.467359
6.793520,	 -6.670878,	 -3.047671,	 1.375581,	 1.289466,	 0.473401
6.861969,	 -6.606082,	 -3.023853,	 1.362086,	 1.302590,	 0.479403
6.929739,	 -6.540634,	 -2.999737,	 1.348442,	 1.315598,	 0.485363
6.996824,	 -6.474538,	 -2.975324,	 1.334649,	 1.328491,	 0.491281
7.063216,	 -6.407800,	 -2.950615,	 1.320709,	 1.341265,	 0.497158
7.128907,	 -6.340426,	 -2.925614,	 1.306623,	 1.353921,	 0.502991
7.193890,	 -6.272422,	 -2.900323,	 1.292391,	 1.366456,	 0.508781
7.258158,	 -6.203795,	 -2.874743,	 1.278015,	 1.378870,	 0.514527
7.321703,	 -6.134549,	 -2.848877,	 1.263495,	 1.391160,	 0.520228
7.384519,	 -6.064693,	 -2.822726,	 1.248832,	 1.403326,	 0.525884
7.446599,	 -5.994231,	 -2.796295,	 1.234027,	 1.415366,	 0.531494
7.507935,	 -5.923170,	 -2.769583,	 1.219081,	 1.427278,	 0.537058
7.568520,	 -5.851517,	 -2.742595,	 1.203996,	 1.439062,	 0.542574
7.628347,	 -5.779278,	 -2.715332,	 1.188772,	 1.450716,	 0.548043
7.687410,	 -5.706459,	 -2.687797,	 1.173410,	 1.462239,	 0.553463
7.745701,	 -5.633068,	 -2.659992,	 1.157911,	 1.473629,	 0.558835
7.803214,	 -5.559110,	 -2.631920,	 1.142277,	 1.484885,	 0.564157
7.859942,	 -5.484593,	 -2.603583,	 1.126508,	 1.496006,	 0.569428
7.915879,	 -5.409523,	 -2.574983,	 1.110605,	 1.506990,	 0.574650
7.971017,	 -5.333907,	 -2.546124,	 1.094570,	 1.517836,	 0.579819
8.025350,	 -5.257752,	 -2.517007,	 1.078404,	 1.528542,	 0.584937
8.078871,	 -5.181066,	 -2.487636,	 1.062107,	 1.539108,	 0.590002
8.131574,	 -5.103854,	 -2.458013,	 1.045681,	 1.549531,	 0.595015
8.183453,	 -5.026125,	 -2.428140,	 1.029128,	 1.559812,	 0.599973
8.234502,	 -4.947886,	 -2.398021,	 1.012448,	 1.569947,	 0.604877
8.284713,	 -4.869143,	 -2.367659,	 0.995642,	 1.579937,	 0.609727
8.334081,	 -4.789904,	 -2.337055,	 0.978712,	 1.589779,	 0.614520
8.382599,	 -4.710177,	 -2.306212,	 0.961659,	 1.599472,	 0.619258
8.430262,	 -4.629969,	 -2.275134,	 0.944485,	 1.609015,	 0.623939
8.477063,	 -4.549288,	 -2.243824,	 0.927189,	 1.618407,	 0.628562
8.522996,	 -4.468141,	 -2.212284,	 0.909775,	 1.627647,	 0.633128
8.568056,	 -4.386535,	 -2.180517,	 0.892242,	 1.636732,	 0.637635
8.612236,	 -4.304479,	 -2.148526,	 0.874593,	 1.645663,	 0.642083
8.655531,	 -4.221980,	 -2.116314,	 0.856829,	 1.654436,	 0.646471
8.697935,	 -4.139047,	 -2.083884,	 0.838950,	 1.663053,	 0.650800
8.739442,	 -4.055686,	 -2.051239,	 0.820959,	 1.671510,	 0.655067
8.780047,	 -3.971907,	 -2.018383,	 0.802857,	 1.679806,	 0.659273
8.819744,	 -3.887716,	 -1.985317,	 0.784645,	 1.687941,	 0.663416
8.858528,	 -3.803123,	 -1.952046,	 0.766325,	 1.695914,	 0.667498
8.896393,	 -3.718136,	 -1.918572,	 0.747897,	 1.703722,	 0.671516
8.933334,	 -3.632762,	 -1.884899,	 0.729365,	 1.711365,	 0.675470
8.969346,	 -3.547010,	 -1.851030,	 0.710728,	 1.718841,	 0.679360
9.004424,	 -3.460888,	 -1.816968,	 0.691989,	 1.726149,	 0.683185
9.038562,	 -3.374405,	 -1.782717,	 0.673149,	 1.733288,	 0.686945
9.071756,	 -3.287569,	 -1.748279,	 0.654209,	 1.740258,	 0.690638
9.104001,	 -3.200389,	 -1.713658,	 0.635172,	 1.747055,	 0.694265
9.135291,	 -3.112873,	 -1.678857,	 0.616038,	 1.753680,	 0.697825
9.165622,	 -3.025030,	 -1.643880,	 0.596809,	 1.760131,	 0.701317
9.194989,	 -2.936869,	 -1.608730,	 0.577488,	 1.766407,	 0.704740
9.223389,	 -2.848398,	 -1.573410,	 0.558074,	 1.772507,	 0.708095
9.250815,	 -2.759627,	 -1.537925,	 0.538571,	 1.778429,	 0.711381
9.277264,	 -2.670564,	 -1.502277,	 0.518980,	 1.784173,	 0.714596
9.302731,	 -2.581219,	 -1.466470,	 0.499303,	 1.789737,	 0.717741
9.327212,	 -2.491599,	 -1.430507,	 0.479540,	 1.795120,	 0.720815
9.350704,	 -2.401715,	 -1.394392,	 0.459695,	 1.800321,	 0.723817
9.373200,	 -2.311575,	 -1.358129,	 0.439768,	 1.805339,	 0.726748
9.394699,	 -2.221189,	 -1.321722,	 0.419762,	 1.810173,	 0.729605
9.415195,	 -2.130566,	 -1.285173,	 0.399678,	 1.814822,	 0.732389
9.434686,	 -2.039714,	 -1.248487,	 0.379518,	 1.819284,	 0.735100
9.453166,	 -1.948645,	 -1.211667,	 0.359284,	 1.823559,	 0.737736
9.470633,	 -1.857366,	 -1.174717,	 0.338978,	 1.827645,	 0.740298
9.487083,	 -1.765887,	 -1.137641,	 0.318601,	 1.831541,	 0.742784
9.502512,	 -1.674219,	 -1.100442,	 0.298156,	 1.835247,	 0.745195
9.516918,	 -1.582370,	 -1.063125,	 0.277644,	 1.838761,	 0.747529
9.530296,	 -1.490349,	 -1.025693,	 0.257067,	 1.842082,	 0.749786
9.542644,	 -1.398168,	 -0.988150,	 0.236428,	 1.845210,	 0.751966
9.553959,	 -1.305835,	 -0.950500,	 0.215728,	 1.848143,	 0.754068
9.564237,	 -1.213360,	 -0.912746,	 0.194969,	 1.850881,	 0.756092
9.573476,	 -1.120752,	 -0.874894,	 0.174154,	 1.853421,	 0.758038
9.581672,	 -1.028023,	 -0.836946,	 0.153283,	 1.855765,	 0.759904
9.588824,	 -0.935182,	 -0.798907,	 0.132360,	 1.857909,	 0.761690
9.594928,	 -0.842238,	 -0.760780,	 0.111387,	 1.859855,	 0.763396
9.599983,	 -0.749201,	 -0.722570,	 0.090364,	 1.861600,	 0.765021
9.603985,	 -0.656083,	 -0.684281,	 0.069296,	 1.863143,	 0.766565
9.606933,	 -0.562892,	 -0.645916,	 0.048183,	 1.864485,	 0.768028
9.608824,	 -0.469639,	 -0.607481,	 0.027028,	 1.865624,	 0.769409
9.609656,	 -0.376334,	 -0.568978,	 0.005832,	 1.866559,	 0.770707
9.609428,	 -0.282987,	 -0.530413,	 -0.015401,	 1.867289,	 0.771923
9.608137,	 -0.189609,	 -0.491789,	 -0.036669,	 1.867814,	 0.773055
9.605781,	 -0.096210,	 -0.453110,	 -0.057971,	 1.868133,	 0.774103
9.602360,	 -0.002799,	 -0.414381,	 -0.079304,	 1.868245,	 0.775068
9.597872,	 0.090612,	 -0.375605,	 -0.100666,	 1.868150,	 0.775947
9.592315,	 0.184012,	 -0.336788,	 -0.122055,	 1.867846,	 0.776742
9.585687,	 0.277393,	 -0.297933,	 -0.143468,	 1.867332,	 0.777452
9.577989,	 0.370743,	 -0.259045,	 -0.164903,	 1.866610,	 0.778076
9.569218,	 0.464051,	 -0.220128,	 -0.186357,	 1.865676,	 0.778613
9.559374,	 0.557308,	 -0.181186,	 -0.207829,	 1.864532,	 0.779065
9.548457,	 0.650502,	 -0.142223,	 -0.229315,	 1.863176,	 0.779429
9.536464,	 0.743623,	 -0.103245,	 -0.250814,	 1.861607,	 0.779707
9.523396,	 0.836661,	 -0.064254,	 -0.272323,	 1.859826,	 0.779896
9.509253,	 0.929604,	 -0.025256,	 -0.293840,	 1.857831,	 0.779998
9.494034,	 1.022443,	 0.013744,	 -0.315362,	 1.855623,	 0.780012
9.477738,	 1.115165,	 0.052743,	 -0.336886,	 1.853200,	 0.779938
9.460367,	 1.207762,	 0.091737,	 -0.358411,	 1.850562,	 0.779775
9.441919,	 1.300221,	 0.130720,	 -0.379933,	 1.847708,	 0.779522
9.422395,	 1.392532,	 0.169688,	 -0.401451,	 1.844639,	 0.779180
9.401796,	 1.484684,	 0.208636,	 -0.422961,	 1.841353,	 0.778749
9.380121,	 1.576667,	 0.247561,	 -0.444461,	 1.837851,	 0.778228
9.357371,	 1.668469,	 0.286458,	 -0.465949,	 1.834132,	 0.777616
9.333548,	 1.760080,	 0.325322,	 -0.487421,	 1.830195,	 0.776914
9.308651,	 1.851489,	 0.364149,	 -0.508876,	 1.826041,	 0.776122
9.282682,	 1.942685,	 0.402934,	 -0.530311,	 1.821668,	 0.775238
9.255641,	 2.033657,	 0.441672,	 -0.551722,	 1.817078,	 0.774263
9.227531,	 2.124394,	 0.480360,	 -0.573108,	 1.812269,	 0.773198
9.198353,	 2.214885,	 0.518991,	 -0.594465,	 1.807242,	 0.772040
9.168107,	 2.305119,	 0.557563,	 -0.615792,	 1.801996,	 0.770791
9.136795,	 2.395086,	 0.596070,	 -0.637084,	 1.796530,	 0.769450
9.104420,	 2.484774,	 0.634508,	 -0.658340,	 1.790846,	 0.768017
9.070983,	 2.574173,	 0.672872,	 -0.679557,	 1.784943,	 0.766492
9.036486,	 2.663271,	 0.711157,	 -0.700732,	 1.778821,	 0.764874
9.000932,	 2.752058,	 0.749359,	 -0.721863,	 1.772479,	 0.763164
8.964322,	 2.840522,	 0.787474,	 -0.742946,	 1.765918,	 0.761362
8.926659,	 2.928653,	 0.825496,	 -0.763979,	 1.759138,	 0.759466
8.887946,	 3.016439,	 0.863421,	 -0.784958,	 1.752139,	 0.757478
8.848185,	 3.103870,	 0.901244,	 -0.805882,	 1.744921,	 0.755397
8.807380,	 3.190935,	 0.938961,	 -0.826747,	 1.737484,	 0.753224
8.765532,	 3.277622,	 0.976567,	 -0.847551,	 1.729829,	 0.750957
8.722646,	 3.363922,	 1.014058,	 -0.868290,	 1.721955,	 0.748597
8.678725,	 3.449822,	 1.051428,	 -0.888962,	 1.713863,	 0.746145
8.633772,	 3.535313,	 1.088673,	 -0.909565,	 1.705553,	 0.743599
8.587790,	 3.620382,	 1.125789,	 -0.930094,	 1.697026,	 0.740960
8.540784,	 3.705020,	 1.162770,	 -0.950547,	 1.688281,	 0.738228
8.492757,	 3.789216,	 1.199613,	 -0.970922,	 1.679319,	 0.735403
8.443714,	 3.872958,	 1.236312,	 -0.991215,	 1.670141,	 0.732486
8.393658,	 3.956235,	 1.272863,	 -1.011424,	 1.660746,	 0.729475
8.342593,	 4.039038,	 1.309261,	 -1.031546,	 1.651136,	 0.726372
8.290525,	 4.121355,	 1.345502,	 -1.051577,	 1.641311,	 0.723176
8.237457,	 4.203176,	 1.381580,	 -1.071515,	 1.631272,	 0.719887
8.183395,	 4.284489,	 1.417492,	 -1.091357,	 1.621019,	 0.716506
8.128343,	 4.365284,	 1.453233,	 -1.111100,	 1.610552,	 0.713033
8.072306,	 4.445551,	 1.488797,	 -1.130740,	 1.599873,	 0.709467
8.015290,	 4.525279,	 1.524182,	 -1.150277,	 1.588982,	 0.705809
7.957300,	 4.604457,	 1.559380,	 -1.169705,	 1.577879,	 0.702060
7.898341,	 4.683074,	 1.594390,	 -1.189022,	 1.566567,	 0.698218
7.838419,	 4.761121,	 1.629205,	 -1.208226,	 1.555044,	 0.694286
7.777539,	 4.838587,	 1.663821,	 -1.227314,	 1.543314,	 0.690262
7.715708,	 4.915461,	 1.698233,	 -1.246281,	 1.531375,	 0.686147
7.652932,	 4.991733,	 1.732438,	 -1.265127,	 1.519229,	 0.681941
7.589216,	 5.067393,	 1.766430,	 -1.283847,	 1.506878,	 0.677645
7.524568,	 5.142430,	 1.800205,	 -1.302438,	 1.494322,	 0.673259
7.458993,	 5.216834,	 1.833759,	 -1.320899,	 1.481561,	 0.668783
7.392499,	 5.290595,	 1.867087,	 -1.339225,	 1.468599,	 0.664218
7.325091,	 5.363704,	 1.900184,	 -1.357414,	 1.455434,	 0.659563
7.256778,	 5.436149,	 1.933046,	 -1.375463,	 1.442069,	 0.654819
7.187566,	 5.507921,	 1.965669,	 -1.393369,	 1.428505,	 0.649988
7.117461,	 5.579010,	 1.998048,	 -1.411130,	 1.414743,	 0.645068
7.046473,	 5.649406,	 2.030180,	 -1.428741,	 1.400785,	 0.640060
6.974607,	 5.719099,	 2.062058,	 -1.446202,	 1.386631,	 0.634966
6.901873,	 5.788080,	 2.093680,	 -1.463507,	 1.372283,	 0.629784
6.828276,	 5.856339,	 2.125040,	 -1.480656,	 1.357743,	 0.624516
6.753827,	 5.923866,	 2.156135,	 -1.497644,	 1.343012,	 0.619163
6.678532,	 5.990651,	 2.186961,	 -1.514470,	 1.328091,	 0.613724
6.602399,	 6.056687,	 2.217512,	 -1.531129,	 1.312982,	 0.608200
6.525438,	 6.121962,	 2.247785,	 -1.547620,	 1.297687,	 0.602593
6.447656,	 6.186468,	 2.277775,	 -1.563940,	 1.282207,	 0.596901
6.369063,	 6.250195,	 2.307479,	 -1.580085,	 1.266544,	 0.591126
6.289667,	 6.313135,	 2.336892,	 -1.596054,	 1.250699,	 0.585269
6.209477,	 6.375278,	 2.366011,	 -1.611842,	 1.234675,	 0.579330
6.128501,	 6.436615,	 2.394830,	 -1.627449,	 1.218473,	 0.573310
6.046750,	 6.497138,	 2.423346,	 -1.642870,	 1.202094,	 0.567208
5.964233,	 6.556838,	 2.451556,	 -1.658103,	 1.185542,	 0.561027
5.880958,	 6.615706,	 2.479454,	 -1.673146,	 1.168818,	 0.554767
5.796936,	 6.673734,	 2.507037,	 -1.687995,	 1.151923,	 0.548427
5.712177,	 6.730913,	 2.534302,	 -1.702649,	 1.134859,	 0.542010
5.626689,	 6.787234,	 2.561243,	 -1.717104,	 1.117630,	 0.535516
5.540484,	 6.842690,	 2.587859,	 -1.731359,	 1.100236,	 0.528945
5.453571,	 6.897273,	 2.614143,	 -1.745409,	 1.082680,	 0.522299
5.365961,	 6.950973,	 2.640094,	 -1.759254,	 1.064964,	 0.515577
5.277663,	 7.003784,	 2.665707,	 -1.772890,	 1.047091,	 0.508781
5.188689,	 7.055698,	 2.690978,	 -1.786315,	 1.029062,	 0.501912
5.099048,	 7.106706,	 2.715903,	 -1.799526,	 1.010879,	 0.494971
5.008753,	 7.156801,	 2.740481,	 -1.812521,	 0.992546,	 0.487958
4.917813,	 7.205977,	 2.764705,	 -1.825298,	 0.974064,	 0.480874
4.826239,	 7.254224,	 2.788574,	 -1.837854,	 0.955435,	 0.473720
4.734044,	 7.301536,	 2.812083,	 -1.850186,	 0.936663,	 0.466497
4.641237,	 7.347907,	 2.835230,	 -1.862294,	 0.917749,	 0.459206
4.547830,	 7.393328,	 2.858010,	 -1.874173,	 0.898697,	 0.451848
4.453835,	 7.437793,	 2.880421,	 -1.885823,	 0.879508,	 0.444423
4.359263,	 7.481296,	 2.902459,	 -1.897241,	 0.860185,	 0.436934
4.264126,	 7.523829,	 2.924121,	 -1.908424,	 0.840731,	 0.429380
4.168436,	 7.565386,	 2.945403,	 -1.919370,	 0.821149,	 0.421763
4.072204,	 7.605961,	 2.966303,	 -1.930079,	 0.801441,	 0.414083
3.975442,	 7.645548,	 2.986818,	 -1.940546,	 0.781609,	 0.406342
3.878164,	 7.684140,	 3.006944,	 -1.950771,	 0.761657,	 0.398541
3.780380,	 7.721732,	 3.026679,	 -1.960751,	 0.741587,	 0.390681
3.682103,	 7.758317,	 3.046019,	 -1.970484,	 0.721402,	 0.382763
3.583345,	 7.793890,	 3.064962,	 -1.979969,	 0.701105,	 0.374788
3.484119,	 7.828446,	 3.083505,	 -1.989204,	 0.680699,	 0.366757
3.384438,	 7.861979,	 3.101645,	 -1.998186,	 0.660186,	 0.358671
3.284314,	 7.894484,	 3.119380,	 -2.006915,	 0.639570,	 0.350531
3.183759,	 7.925955,	 3.136706,	 -2.015388,	 0.618854,	 0.342339
3.082787,	 7.956388,	 3.153621,	 -2.023603,	 0.598040,	 0.334096
2.981411,	 7.985778,	 3.170123,	 -2.031559,	 0.577131,	 0.325802
2.879644,	 8.014121,	 3.186209,	 -2.039255,	 0.556131,	 0.317460
2.777498,	 8.041411,	 3.201876,	 -2.046688,	 0.535043,	 0.309069
2.674987,	 8.067645,	 3.217123,	 -2.053858,	 0.513869,	 0.300632
2.572123,	 8.092818,	 3.231947,	 -2.060762,	 0.492613,	 0.292150
2.468922,	 8.116926,	 3.246346,	 -2.067400,	 0.471278,	 0.283623
2.365394,	 8.139966,	 3.260317,	 -2.073770,	 0.449867,	 0.275054
2.261555,	 8.161933,	 3.273859,	 -2.079871,	 0.428384,	 0.266443
2.157418,	 8.182824,	 3.286969,	 -2.085701,	 0.406830,	 0.257791
2.052995,	 8.202637,	 3.299646,	 -2.091259,	 0.385211,	 0.249101
1.948302,	 8.221366,	 3.311888,	 -2.096544,	 0.363528,	 0.240372
1.843351,	 8.239010,	 3.323692,	 -2.101556,	 0.341785,	 0.231608
1.738156,	 8.255565,	 3.335057,	 -2.106292,	 0.319986,	 0.222808
1.632731,	 8.271030,	 3.345981,	 -2.110752,	 0.298134,	 0.213974
1.527089,	 8.285400,	 3.356462,	 -2.114935,	 0.276231,	 0.205107
1.421246,	 8.298674,	 3.366500,	 -2.118840,	 0.254282,	 0.196209
1.315214,	 8.310849,	 3.376092,	 -2.122466,	 0.232290,	 0.187282
1.209007,	 8.321924,	 3.385236,	 -2.125812,	 0.210258,	 0.178326
1.102641,	 8.331897,	 3.393933,	 -2.128878,	 0.188189,	 0.169343
0.996127,	 8.340765,	 3.402179,	 -2.131663,	 0.166087,	 0.160333
0.889482,	 8.348527,	 3.409975,	 -2.134167,	 0.143956,	 0.151300
0.782718,	 8.355182,	 3.417318,	 -2.136388,	 0.121797,	 0.142243
0.675850,	 8.360728,	 3.424208,	 -2.138326,	 0.099616,	 0.133165
0.568892,	 8.365165,	 3.430643,	 -2.139981,	 0.077416,	 0.124067
0.461858,	 8.368492,	 3.436623,	 -2.141353,	 0.055199,	 0.114949
0.354762,	 8.370707,	 3.442147,	 -2.142440,	 0.032970,	 0.105815
0.247619,	 8.371811,	 3.447214,	 -2.143243,	 0.010731,	 0.096664
0.140443,	 8.371803,	 3.451822,	 -2.143761,	 -0.011513,	 0.087498
0.033248,	 8.370682,	 3.455972,	 -2.143995,	 -0.033760,	 0.078320
-0.073951,	 8.368449,	 3.459663,	 -2.143944,	 -0.056005,	 0.069129
-0.181141,	 8.365104,	 3.462894,	 -2.143607,	 -0.078246,	 0.059929
-0.288308,	 8.360647,	 3.465665,	 -2.142986,	 -0.100479,	 0.050719
-0.395436,	 8.355078,	 3.467975,	 -2.142080,	 -0.122701,	 0.041502
-0.502512,	 8.348399,	 3.469824,	 -2.140889,	 -0.144907,	 0.032278
-0.609522,	 8.340610,	 3.471212,	 -2.139414,	 -0.167095,	 0.023050
-0.716450,	 8.331712,	 3.472139,	 -2.137654,	 -0.189262,	 0.013819
-0.823284,	 8.321706,	 3.472603,	 -2.135609,	 -0.211402,	 0.004586
-0.930009,	 8.310594,	 3.472606,	 -2.133281,	 -0.233515,	 -0.004647
-1.036610,	 8.298378,	 3.472148,	 -2.130670,	 -0.255595,	 -0.013880
-1.143074,	 8.285058,	 3.471228,	 -2.127775,	 -0.277639,	 -0.023109
-1.249386,	 8.270636,	 3.469846,	 -2.124598,	 -0.299645,	 -0.032335
-1.355532,	 8.255116,	 3.468004,	 -2.121139,	 -0.321608,	 -0.041556
-1.461499,	 8.238498,	 3.465700,	 -2.117398,	 -0.343525,	 -0.050769
-1.567271,	 8.220786,	 3.462936,	 -2.113377,	 -0.365393,	 -0.059975
-1.672836,	 8.201982,	 3.459712,	 -2.109076,	 -0.387208,	 -0.069170
-1.778179,	 8.182088,	 3.456028,	 -2.104496,	 -0.408968,	 -0.078355
-1.883285,	 8.161108,	 3.451886,	 -2.099637,	 -0.430668,	 -0.087527
-1.988143,	 8.139044,	 3.447285,	 -2.094501,	 -0.452305,	 -0.096685
-2.092736,	 8.115900,	 3.442227,	 -2.089088,	 -0.473877,	 -0.105828
-2.197052,	 8.091679,	 3.436712,	 -2.083400,	 -0.495379,	 -0.114954
-2.301077,	 8.066385,	 3.430741,	 -2.077437,	 -0.516809,	 -0.124062
-2.404798,	 8.040021,	 3.424315,	 -2.071201,	 -0.538163,	 -0.133150
-2.508199,	 8.012591,	 3.417435,	 -2.064693,	 -0.559438,	 -0.142217
-2.611269,	 7.984099,	 3.410103,	 -2.057913,	 -0.580631,	 -0.151263
-2.713993,	 7.954550,	 3.402318,	 -2.050864,	 -0.601738,	 -0.160284
-2.816358,	 7.923948,	 3.394084,	 -2.043547,	 -0.622756,	 -0.169280
-2.918351,	 7.892297,	 3.385400,	 -2.035962,	 -0.643683,	 -0.178250
-3.019958,	 7.859602,	 3.376268,	 -2.028112,	 -0.664514,	 -0.187192
-3.121166,	 7.825868,	 3.366690,	 -2.019997,	 -0.685248,	 -0.196105
-3.221961,	 7.791100,	 3.356667,	 -2.011620,	 -0.705880,	 -0.204987
-3.322332,	 7.755303,	 3.346201,	 -2.002982,	 -0.726408,	 -0.213838
-3.422264,	 7.718482,	 3.335293,	 -1.994084,	 -0.746829,	 -0.222655
-3.521745,	 7.680642,	 3.323944,	 -1.984929,	 -0.767139,	 -0.231438
-3.620762,	 7.641790,	 3.312158,	 -1.975517,	 -0.787336,	 -0.240185
-3.719302,	 7.601930,	 3.299935,	 -1.965851,	 -0.807417,	 -0.248896
-3.817353,	 7.561070,	 3.287278,	 -1.955932,	 -0.827379,	 -0.257567
-3.914901,	 7.519215,	 3.274188,	 -1.945763,	 -0.847218,	 -0.266200
-4.011935,	 7.476370,	 3.260667,	 -1.935345,	 -0.866933,	 -0.274791
-4.108442,	 7.432543,	 3.246718,	 -1.924679,	 -0.886520,	 -0.283340
-4.204410,	 7.387740,	 3.232342,	 -1.913769,	 -0.905977,	 -0.291846
-4.299826,	 7.341967,	 3.217543,	 -1.902616,	 -0.925300,	 -0.300307
