Valor de X		f(x)		I(x)   
1.000000		1.000000		0.000000
10.000000		100000.000000		166666.453125
19.000000		2476099.000000		7840982.000000
28.000000		17210368.000000		80315016.000000
37.000000		69343960.000000		427621024.000000
46.000000		205962976.000000		1579049472.000000
55.000000		503284384.000000		4613438464.000000
64.000000		1073741824.000000		11453250560.000000
73.000000		2073071616.000000		25222361088.000000
82.000000		3707398400.000000		50667786240.000000
91.000000		6240321536.000000		94644953088.000000
100.000000		10000000000.000000		166666715136.000000
